0 1 1.270000 7 0.620000
1 2 1.110000 4 0.850000
2 3 1.220000 2 0.880000
3 4 1.180000 8 0.680000
4 5 1.170000 8 0.640000
5 6 1.360000 4 0.660000
6 7 1.360000 4 0.660000
7 8 1.310000 3 0.640000
8 9 1.310000 3 0.640000
9 10 1.310000 3 0.640000
10 11 1.290000 8 0.840000
11 12 1.360000 4 0.660000
12 13 1.310000 3 0.640000
13 14 1.240000 3 0.820000
14 15 1.310000 3 0.640000
15 16 1.380000 6 0.750000
16 17 1.310000 3 0.640000
17 18 1.310000 3 0.640000
18 19 1.310000 3 0.640000
19 20 1.170000 8 0.640000
20 21 1.310000 3 0.640000
21 22 1.170000 8 0.640000
22 23 1.290000 6 0.770000
23 24 1.240000 3 0.820000
24 25 1.150000 6 0.670000
25 26 1.310000 3 0.640000
26 27 1.240000 3 0.820000
27 28 1.380000 6 0.750000
28 29 1.150000 8 0.860000
29 30 1.340000 6 0.640000
30 31 1.360000 4 0.660000
31 32 1.360000 4 0.660000
32 33 1.390000 8 0.720000
33 34 1.240000 3 0.820000
34 35 1.170000 8 0.640000
35 36 1.310000 3 0.640000
36 37 1.150000 5 0.810000
37 38 1.240000 3 0.820000
38 39 1.290000 6 0.770000
39 40 1.230000 4 0.600000
40 41 1.290000 6 0.770000
41 42 1.180000 4 0.820000
42 43 1.240000 5 0.680000
43 44 1.310000 3 0.640000
44 45 1.180000 4 0.820000
45 46 1.310000 3 0.640000
46 47 1.140000 7 0.850000
47 48 1.240000 3 0.820000
48 49 1.290000 2 0.710000
49 50 1.360000 4 0.660000
50 51 1.360000 4 0.660000
51 52 1.360000 4 0.660000
52 53 1.360000 4 0.660000
53 54 1.360000 4 0.660000
54 55 1.240000 3 0.820000
55 56 1.360000 4 0.660000
56 57 1.310000 3 0.640000
57 58 1.290000 8 0.840000
58 59 1.290000 6 0.770000
59 60 1.250000 6 0.840000
60 61 1.360000 4 0.660000
61 62 1.310000 3 0.640000
62 63 1.310000 3 0.640000
63 64 1.390000 5 0.840000
64 65 1.330000 3 0.870000
65 66 1.360000 4 0.660000
66 67 1.390000 5 0.840000
67 68 1.230000 8 0.890000
68 69 1.260000 4 0.720000
69 70 1.360000 4 0.660000
70 71 1.310000 3 0.640000
71 72 1.250000 5 0.640000
72 73 1.160000 5 0.700000
73 74 1.190000 6 0.840000
74 75 1.290000 5 0.600000
75 76 1.120000 2 0.830000
76 77 1.150000 8 0.860000
77 78 1.380000 6 0.730000
78 79 1.150000 8 0.860000
79 80 1.220000 2 0.840000
80 81 1.280000 8 0.610000
81 82 1.210000 3 0.820000
82 83 1.290000 8 0.840000
83 84 1.110000 6 0.830000
84 85 1.230000 8 0.770000
85 86 1.170000 6 0.850000
86 87 1.340000 7 0.700000
87 88 1.110000 7 0.690000
88 89 1.320000 2 0.870000
89 90 1.310000 3 0.640000
90 91 1.230000 7 0.720000
91 92 1.360000 4 0.660000
92 93 1.240000 3 0.820000
93 94 1.360000 4 0.660000
94 95 1.170000 4 0.650000
95 96 1.360000 4 0.660000
96 97 1.310000 3 0.640000
97 98 1.310000 3 0.640000
98 99 1.240000 3 0.820000
99 100 1.250000 6 0.840000
100 101 1.140000 4 0.610000
101 102 1.230000 2 0.690000
102 103 1.230000 2 0.690000
103 104 1.110000 6 0.830000
104 105 1.150000 7 0.790000
105 106 1.150000 8 0.860000
106 107 1.250000 6 0.840000
107 108 1.170000 8 0.640000
108 109 1.310000 3 0.640000
109 110 1.310000 3 0.640000
110 111 1.310000 3 0.640000
111 112 1.310000 3 0.640000
112 113 1.290000 8 0.840000
113 114 1.290000 8 0.840000
114 115 1.250000 6 0.840000
115 116 1.290000 6 0.770000
116 117 1.290000 6 0.770000
117 118 1.230000 4 0.600000
118 119 1.290000 6 0.770000
119 120 1.180000 7 0.760000
120 121 1.240000 3 0.820000
121 122 1.290000 6 0.770000
122 123 1.230000 4 0.880000
123 124 1.230000 7 0.720000
124 125 1.180000 4 0.820000
125 126 1.240000 3 0.800000
126 127 1.170000 8 0.640000
127 128 1.360000 4 0.660000
128 129 1.290000 8 0.840000
129 130 1.290000 6 0.770000
130 131 1.180000 4 0.820000
131 132 1.320000 2 0.610000
132 133 1.260000 5 0.680000
133 134 1.290000 6 0.770000
134 135 1.310000 3 0.640000
135 136 1.230000 4 0.810000
136 137 1.240000 5 0.680000
137 138 1.350000 4 0.810000
138 139 1.180000 6 0.810000
139 140 1.320000 2 0.600000
140 141 1.310000 3 0.640000
141 142 1.160000 5 0.700000
142 143 1.120000 7 0.850000
143 144 1.240000 3 0.800000
144 145 1.230000 4 0.810000
145 146 1.230000 4 0.810000
146 147 1.310000 3 0.640000
147 148 1.120000 2 0.830000
148 149 1.230000 2 0.640000
149 150 1.140000 3 0.600000
150 151 1.140000 3 0.600000
151 152 1.230000 2 0.640000
152 153 1.240000 3 0.820000
153 154 1.130000 6 0.860000
154 155 1.150000 8 0.860000
155 156 1.170000 2 0.660000
156 157 1.240000 5 0.680000
157 158 1.240000 5 0.680000
158 159 1.240000 3 0.820000
159 160 1.170000 2 0.660000
160 161 1.390000 6 0.710000
161 162 1.180000 4 0.820000
162 163 1.110000 8 0.620000
163 164 1.240000 3 0.820000
164 165 1.150000 6 0.670000
165 166 1.240000 5 0.680000
166 167 1.150000 6 0.670000
167 168 1.290000 2 0.710000
168 169 1.330000 3 0.870000
169 170 1.240000 3 0.820000
170 171 1.110000 3 0.750000
171 172 1.380000 4 0.770000
172 173 1.340000 6 0.640000
173 174 1.110000 3 0.750000
174 175 1.150000 7 0.790000
175 176 1.150000 5 0.890000
176 177 1.390000 3 0.830000
177 178 1.320000 2 0.870000
178 179 1.310000 3 0.790000
179 180 1.100000 6 0.630000
180 181 1.390000 5 0.840000
181 182 1.320000 2 0.870000
182 183 1.320000 2 0.870000
183 184 1.320000 2 0.870000
184 185 1.390000 5 0.840000
185 186 1.390000 3 0.830000
186 187 1.110000 6 0.830000
187 188 1.140000 4 0.650000
188 189 1.240000 6 0.660000
189 190 1.310000 8 0.840000
190 191 1.340000 7 0.700000
191 192 1.180000 4 0.820000
192 193 1.230000 7 0.770000
193 194 1.110000 8 0.680000
194 195 1.360000 4 0.660000
195 196 1.230000 8 0.890000
196 197 1.290000 3 0.770000
197 198 1.380000 4 0.770000
198 199 1.240000 3 0.820000
199 200 1.240000 5 0.680000
200 201 1.240000 5 0.680000
201 202 1.180000 4 0.820000
202 203 1.150000 8 0.840000
203 204 1.150000 8 0.840000
204 205 1.230000 8 0.670000
205 206 1.150000 8 0.860000
206 207 1.150000 8 0.840000
207 208 1.290000 6 0.660000
208 209 1.290000 6 0.870000
209 210 1.150000 5 0.810000
210 211 1.210000 5 0.850000
211 212 1.150000 8 0.860000
212 213 1.320000 2 0.600000
213 214 1.110000 6 0.830000
214 215 1.380000 6 0.730000
215 216 1.290000 5 0.600000
216 217 1.320000 2 0.870000
217 218 1.370000 3 0.650000
218 219 1.150000 5 0.810000
219 220 1.310000 6 0.750000
220 221 1.390000 5 0.840000
221 222 1.270000 5 0.630000
222 223 1.130000 2 0.880000
223 224 1.240000 5 0.680000
224 225 1.270000 5 0.630000
225 226 1.240000 3 0.820000
226 227 1.310000 3 0.640000
227 228 1.150000 7 0.610000
228 229 1.240000 3 0.820000
229 230 1.380000 6 0.750000
230 231 1.170000 4 0.650000
231 232 1.160000 5 0.700000
232 233 1.310000 3 0.640000
233 234 1.310000 3 0.640000
234 235 1.210000 4 0.640000
235 236 1.310000 5 0.790000
236 237 1.230000 4 0.880000
237 238 1.250000 6 0.840000
238 239 1.380000 6 0.750000
239 240 1.250000 6 0.840000
240 241 1.160000 5 0.700000
241 242 1.110000 8 0.640000
242 243 1.250000 6 0.840000
243 244 1.180000 4 0.820000
244 245 1.250000 6 0.840000
245 246 1.360000 4 0.660000
246 247 1.240000 7 0.740000
247 248 1.180000 4 0.820000
248 249 1.310000 3 0.640000
249 250 1.310000 3 0.640000
250 251 1.360000 4 0.660000
251 252 1.150000 8 0.860000
252 253 1.100000 2 0.650000
253 254 1.150000 8 0.860000
254 255 1.140000 4 0.610000
255 256 1.360000 4 0.660000
256 257 1.230000 4 0.600000
257 258 1.250000 6 0.840000
258 259 1.110000 6 0.830000
259 260 1.110000 6 0.830000
260 261 1.310000 3 0.620000
261 262 1.150000 7 0.790000
262 263 1.110000 8 0.680000
263 264 1.110000 8 0.680000
264 265 1.140000 4 0.650000
265 266 1.140000 4 0.650000
266 267 1.250000 6 0.840000
267 268 1.290000 6 0.870000
268 269 1.320000 3 0.710000
269 270 1.320000 3 0.710000
270 271 1.340000 6 0.640000
271 272 1.230000 7 0.770000
272 273 1.390000 5 0.840000
273 274 1.320000 4 0.600000
274 275 1.370000 5 0.890000
275 276 1.150000 3 0.730000
276 277 1.390000 5 0.840000
277 278 1.230000 8 0.890000
278 279 1.240000 8 0.600000
279 280 1.380000 6 0.730000
280 281 1.340000 6 0.640000
281 282 1.360000 4 0.660000
282 283 1.310000 3 0.640000
283 284 1.360000 4 0.660000
284 285 1.150000 8 0.860000
285 286 1.330000 6 0.830000
286 287 1.360000 4 0.660000
287 288 1.390000 6 0.710000
288 289 1.150000 6 0.670000
289 290 1.240000 3 0.820000
290 291 1.290000 8 0.870000
291 292 1.170000 8 0.640000
292 293 1.180000 4 0.820000
293 294 1.250000 6 0.840000
294 295 1.100000 5 0.720000
295 296 1.130000 4 0.830000
296 297 1.220000 4 0.840000
297 298 1.380000 3 0.650000
298 299 1.250000 6 0.840000
299 300 1.310000 3 0.640000
300 301 1.360000 4 0.660000
301 302 1.360000 4 0.660000
302 303 1.250000 6 0.840000
303 304 1.150000 3 0.730000
304 305 1.380000 3 0.650000
305 306 1.160000 5 0.660000
306 307 1.240000 5 0.680000
307 308 1.130000 8 0.720000
308 309 1.230000 7 0.720000
309 310 1.290000 6 0.770000
310 311 1.230000 4 0.600000
311 312 1.150000 7 0.610000
312 313 1.290000 4 0.630000
313 314 1.290000 4 0.630000
314 315 1.150000 7 0.790000
315 316 1.140000 3 0.600000
316 317 1.260000 4 0.720000
317 318 1.340000 6 0.640000
318 319 1.340000 6 0.640000
319 320 1.310000 8 0.840000
320 321 1.340000 6 0.640000
321 322 1.340000 6 0.640000
322 323 1.110000 8 0.680000
323 324 1.390000 5 0.780000
324 325 1.150000 7 0.790000
325 326 1.290000 6 0.870000
326 327 1.170000 6 0.810000
327 328 1.140000 3 0.600000
328 329 1.150000 6 0.670000
329 330 1.290000 6 0.660000
330 331 1.150000 5 0.850000
331 332 1.290000 6 0.770000
332 333 1.150000 7 0.610000
333 334 1.160000 5 0.700000
334 335 1.150000 7 0.610000
335 336 1.190000 6 0.840000
336 337 1.130000 8 0.720000
337 338 1.170000 2 0.650000
338 339 1.130000 8 0.720000
339 340 1.160000 5 0.700000
340 341 1.150000 7 0.790000
341 342 1.390000 3 0.810000
342 343 1.390000 3 0.810000
343 344 1.230000 8 0.890000
344 345 1.150000 7 0.610000
345 346 1.380000 2 0.650000
346 347 1.210000 4 0.640000
347 348 1.150000 5 0.850000
348 349 1.300000 3 0.830000
349 350 1.170000 7 0.830000
350 351 1.130000 8 0.660000
351 352 1.390000 8 0.720000
352 353 1.130000 4 0.830000
353 354 1.270000 8 0.610000
354 355 1.110000 6 0.730000
355 356 1.390000 8 0.720000
356 357 1.230000 7 0.720000
357 358 1.150000 7 0.610000
358 359 1.270000 5 0.760000
359 360 1.160000 5 0.700000
360 361 1.150000 7 0.610000
361 362 1.150000 7 0.610000
362 363 1.290000 6 0.770000
363 364 1.130000 4 0.830000
364 365 1.100000 5 0.720000
365 366 1.210000 4 0.640000
366 367 1.210000 4 0.640000
367 368 1.140000 7 0.850000
368 369 1.390000 3 0.810000
369 370 1.360000 4 0.660000
370 371 1.150000 7 0.790000
371 372 1.150000 7 0.610000
372 373 1.150000 7 0.610000
373 374 1.380000 2 0.650000
374 375 1.210000 4 0.640000
375 376 1.150000 7 0.610000
376 377 1.140000 3 0.600000
377 378 1.230000 8 0.890000
378 379 1.380000 2 0.650000
379 380 1.380000 2 0.650000
380 381 1.150000 7 0.610000
381 382 1.150000 7 0.610000
382 383 1.150000 7 0.610000
383 384 1.160000 5 0.700000
384 385 1.170000 6 0.730000
385 386 1.170000 6 0.690000
386 387 1.340000 7 0.850000
387 388 1.270000 5 0.810000
388 389 1.290000 6 0.770000
389 390 1.240000 5 0.680000
390 391 1.150000 7 0.610000
391 392 1.150000 8 0.860000
392 393 1.140000 3 0.600000
393 394 1.190000 8 0.610000
394 395 1.340000 7 0.700000
395 396 1.210000 3 0.820000
396 397 1.140000 4 0.610000
397 398 1.150000 8 0.860000
398 399 1.150000 6 0.670000
399 400 1.330000 3 0.870000
400 401 1.210000 4 0.640000
401 402 1.240000 3 0.820000
402 403 1.150000 7 0.610000
403 404 1.230000 8 0.780000
404 405 1.130000 8 0.720000
405 406 1.190000 4 0.840000
406 407 1.300000 8 0.620000
407 408 1.270000 2 0.720000
408 409 1.250000 6 0.840000
409 410 1.170000 2 0.660000
410 411 1.300000 3 0.830000
411 412 1.150000 7 0.610000
412 413 1.150000 6 0.670000
413 414 1.300000 3 0.830000
414 415 1.150000 6 0.670000
415 416 1.140000 7 0.850000
416 417 1.150000 8 0.860000
417 418 1.150000 8 0.860000
418 419 1.150000 7 0.610000
419 420 1.100000 4 0.720000
420 421 1.190000 8 0.610000
421 422 1.150000 8 0.860000
422 423 1.150000 8 0.860000
423 424 1.320000 3 0.710000
424 425 1.230000 8 0.770000
425 426 1.250000 6 0.840000
426 427 1.330000 3 0.870000
427 428 1.390000 5 0.840000
428 429 1.390000 3 0.810000
429 430 1.230000 8 0.890000
430 431 1.320000 2 0.870000
431 432 1.160000 5 0.700000
432 433 1.110000 8 0.640000
433 434 1.170000 6 0.730000
434 435 1.310000 3 0.640000
435 436 1.290000 6 0.870000
436 437 1.210000 4 0.640000
437 438 1.150000 3 0.730000
438 439 1.360000 4 0.660000
439 440 1.290000 6 0.660000
440 441 1.140000 4 0.610000
441 442 1.360000 4 0.660000
442 443 1.140000 3 0.600000
443 444 1.360000 4 0.660000
444 445 1.240000 3 0.820000
445 446 1.140000 3 0.600000
446 447 1.150000 8 0.860000
447 448 1.150000 8 0.860000
448 449 1.150000 6 0.670000
449 450 1.360000 4 0.660000
450 451 1.240000 3 0.820000
451 452 1.330000 7 0.770000
452 453 1.150000 7 0.790000
453 454 1.210000 3 0.780000
454 455 1.150000 7 0.610000
455 456 1.130000 7 0.890000
456 457 1.250000 8 0.890000
457 458 1.230000 8 0.890000
458 459 1.160000 7 0.740000
459 460 1.150000 7 0.610000
460 461 1.130000 8 0.720000
461 462 1.240000 7 0.740000
462 463 1.100000 5 0.720000
463 464 1.230000 7 0.720000
464 465 1.390000 6 0.710000
465 466 1.160000 5 0.630000
466 467 1.140000 4 0.610000
467 468 1.240000 3 0.820000
468 469 1.150000 7 0.610000
469 470 1.160000 5 0.700000
470 471 1.210000 4 0.640000
471 472 1.210000 4 0.860000
472 473 1.150000 7 0.610000
473 474 1.210000 4 0.640000
474 475 1.130000 2 0.700000
475 476 1.120000 6 0.840000
476 477 1.290000 6 0.770000
477 478 1.290000 6 0.770000
478 479 1.230000 7 0.720000
479 480 1.290000 6 0.770000
480 481 1.170000 8 0.640000
481 482 1.170000 8 0.640000
482 483 1.390000 8 0.720000
483 484 1.210000 4 0.640000
484 485 1.250000 6 0.840000
485 486 1.170000 6 0.690000
486 487 1.150000 7 0.610000
487 488 1.290000 6 0.870000
488 489 1.150000 7 0.610000
489 490 1.150000 7 0.610000
490 491 1.100000 3 0.870000
491 492 1.290000 4 0.630000
492 493 1.140000 3 0.600000
493 494 1.230000 8 0.890000
494 495 1.150000 6 0.670000
495 496 1.130000 8 0.720000
496 497 1.170000 6 0.730000
497 498 1.210000 4 0.640000
498 499 1.130000 3 0.860000
499 500 1.150000 7 0.610000
500 501 1.160000 7 0.740000
501 502 1.210000 4 0.640000
502 503 1.230000 4 0.880000
503 504 1.170000 8 0.690000
504 505 1.240000 4 0.660000
505 506 1.230000 4 0.880000
506 507 1.310000 3 0.640000
507 508 1.360000 4 0.660000
508 509 1.250000 6 0.840000
509 510 1.310000 6 0.750000
510 511 1.310000 3 0.640000
511 512 1.310000 3 0.640000
512 513 1.120000 4 0.750000
513 514 1.360000 4 0.660000
514 515 1.240000 3 0.820000
515 516 1.210000 4 0.640000
516 517 1.160000 5 0.700000
517 518 1.310000 3 0.640000
518 519 1.330000 8 0.830000
519 520 1.290000 6 0.770000
520 521 1.150000 7 0.610000
521 522 1.250000 6 0.840000
522 523 1.250000 6 0.840000
523 524 1.360000 4 0.660000
524 525 1.390000 5 0.840000
525 526 1.110000 6 0.830000
526 527 1.110000 6 0.830000
527 528 1.190000 2 0.780000
528 529 1.190000 2 0.780000
529 530 1.110000 6 0.830000
530 531 1.320000 7 0.720000
531 532 1.260000 3 0.730000
532 533 1.240000 4 0.730000
533 534 1.150000 7 0.790000
534 535 1.150000 8 0.860000
535 536 1.150000 8 0.860000
536 537 1.260000 3 0.600000
537 538 1.260000 3 0.730000
538 539 1.390000 3 0.830000
539 540 1.170000 6 0.850000
540 541 1.150000 8 0.860000
541 542 1.150000 8 0.860000
542 543 1.210000 4 0.730000
543 544 1.240000 4 0.650000
544 545 1.240000 4 0.650000
545 546 1.200000 8 0.710000
546 547 1.240000 6 0.660000
547 548 1.150000 2 0.720000
548 549 1.110000 5 0.660000
549 550 1.150000 5 0.810000
550 551 1.150000 5 0.810000
551 552 1.290000 3 0.770000
552 553 1.150000 8 0.860000
553 554 1.340000 6 0.640000
554 555 1.150000 8 0.860000
555 556 1.150000 8 0.860000
556 557 1.150000 8 0.860000
557 558 1.290000 6 0.660000
558 559 1.130000 2 0.820000
559 560 1.100000 7 0.810000
560 561 1.240000 5 0.680000
561 562 1.390000 3 0.830000
562 563 1.390000 3 0.810000
563 564 1.250000 6 0.840000
564 565 1.260000 3 0.730000
565 566 1.240000 5 0.680000
566 567 1.210000 3 0.860000
567 568 1.210000 3 0.860000
568 569 1.320000 4 0.600000
569 570 1.130000 2 0.700000
570 571 1.210000 3 0.860000
571 572 1.290000 3 0.770000
572 573 1.390000 3 0.810000
573 574 1.310000 8 0.780000
574 575 1.340000 7 0.700000
575 576 1.310000 8 0.780000
576 577 1.340000 7 0.700000
577 578 1.150000 8 0.860000
578 579 1.290000 8 0.850000
579 580 1.310000 8 0.720000
580 581 1.290000 8 0.850000
581 582 1.320000 4 0.600000
582 583 1.320000 4 0.600000
583 584 1.340000 6 0.640000
584 585 1.100000 5 0.870000
585 586 1.340000 6 0.640000
586 587 1.250000 6 0.840000
587 588 1.100000 7 0.860000
588 589 1.390000 5 0.840000
589 590 1.340000 6 0.640000
590 591 1.220000 2 0.700000
591 592 1.370000 8 0.890000
592 593 1.100000 5 0.870000
593 594 1.340000 7 0.700000
594 595 1.340000 7 0.700000
595 596 1.140000 4 0.610000
596 597 1.390000 5 0.840000
597 598 1.220000 7 0.690000
598 599 1.150000 7 0.790000
599 600 1.250000 4 0.670000
600 601 1.220000 7 0.690000
601 602 1.220000 2 0.840000
602 603 1.220000 2 0.840000
603 604 1.350000 4 0.810000
604 605 1.220000 2 0.840000
605 606 1.220000 2 0.700000
606 607 1.220000 2 0.840000
607 608 1.180000 4 0.820000
608 609 1.220000 2 0.840000
609 610 1.220000 2 0.840000
610 611 1.220000 2 0.840000
611 612 1.340000 4 0.830000
612 613 1.340000 4 0.830000
613 614 1.210000 4 0.730000
614 615 1.140000 3 0.600000
615 616 1.160000 8 0.710000
616 617 1.160000 8 0.710000
617 618 1.180000 7 0.860000
618 619 1.130000 2 0.700000
619 620 1.150000 2 0.720000
620 621 1.310000 8 0.720000
621 622 1.250000 6 0.680000
622 623 1.250000 6 0.680000
623 624 1.230000 8 0.890000
624 625 1.390000 3 0.810000
625 626 1.150000 2 0.720000
626 627 1.260000 3 0.730000
627 628 1.240000 3 0.860000
628 629 1.150000 2 0.720000
629 630 1.150000 2 0.720000
630 631 1.240000 4 0.730000
631 632 1.310000 8 0.720000
632 633 1.150000 2 0.720000
633 634 1.150000 2 0.720000
634 635 1.310000 6 0.750000
635 636 1.310000 6 0.750000
636 637 1.220000 2 0.840000
637 638 1.220000 2 0.840000
638 639 1.220000 2 0.840000
639 640 1.150000 5 0.810000
640 641 1.210000 3 0.860000
641 642 1.250000 6 0.770000
642 643 1.340000 6 0.820000
643 644 1.220000 2 0.700000
644 645 1.290000 3 0.770000
645 646 1.390000 3 0.810000
646 647 1.150000 5 0.810000
647 648 1.100000 5 0.870000
648 649 1.260000 3 0.730000
649 650 1.140000 3 0.600000
650 651 1.220000 2 0.840000
651 652 1.310000 8 0.720000
652 653 1.150000 2 0.720000
653 654 1.340000 4 0.810000
654 655 1.100000 5 0.870000
655 656 1.290000 6 0.660000
656 657 1.390000 3 0.830000
657 658 1.150000 7 0.790000
658 659 1.340000 8 0.820000
659 660 1.150000 7 0.610000
660 661 1.150000 7 0.610000
661 662 1.330000 7 0.770000
662 663 1.100000 5 0.870000
663 664 1.310000 8 0.720000
664 665 1.240000 4 0.730000
665 666 1.250000 6 0.680000
666 667 1.150000 7 0.790000
667 668 1.220000 2 0.840000
668 669 1.210000 4 0.730000
669 670 1.210000 3 0.720000
670 671 1.160000 8 0.710000
671 672 1.160000 8 0.710000
672 673 1.160000 8 0.710000
673 674 1.340000 7 0.700000
674 675 1.150000 2 0.720000
675 676 1.180000 8 0.630000
676 677 1.150000 2 0.720000
677 678 1.150000 2 0.720000
678 679 1.150000 2 0.720000
679 680 1.150000 2 0.720000
680 681 1.310000 8 0.780000
681 682 1.310000 8 0.780000
682 683 1.100000 5 0.870000
683 684 1.150000 2 0.720000
684 685 1.240000 4 0.730000
685 686 1.390000 3 0.810000
686 687 1.140000 3 0.600000
687 688 1.220000 2 0.840000
688 689 1.260000 3 0.730000
689 690 1.340000 6 0.640000
690 691 1.150000 5 0.810000
691 692 1.250000 6 0.840000
692 693 1.150000 5 0.810000
693 694 1.340000 6 0.640000
694 695 1.150000 2 0.720000
695 696 1.310000 8 0.720000
696 697 1.310000 8 0.720000
697 698 1.140000 8 0.720000
698 699 1.150000 2 0.720000
699 700 1.110000 5 0.760000
700 701 1.180000 8 0.630000
701 702 1.140000 3 0.600000
702 703 1.130000 7 0.890000
703 704 1.390000 5 0.840000
704 705 1.390000 5 0.840000
705 706 1.340000 6 0.640000
706 707 1.340000 6 0.640000
707 708 1.310000 8 0.720000
708 709 1.150000 2 0.720000
709 710 1.220000 2 0.840000
710 711 1.220000 2 0.840000
711 712 1.240000 4 0.650000
712 713 1.150000 2 0.720000
713 714 1.310000 8 0.720000
714 715 1.150000 2 0.720000
715 716 1.310000 8 0.720000
716 717 1.310000 8 0.720000
717 718 1.220000 2 0.700000
718 719 1.310000 8 0.720000
719 720 1.190000 2 0.780000
720 721 1.100000 7 0.810000
721 722 1.300000 5 0.700000
722 723 1.150000 7 0.610000
723 724 1.230000 7 0.720000
724 725 1.100000 7 0.810000
725 726 1.350000 2 0.670000
726 727 1.100000 7 0.810000
727 728 1.100000 7 0.810000
728 729 1.100000 5 0.870000
729 730 1.230000 8 0.890000
730 731 1.390000 3 0.830000
731 732 1.130000 7 0.890000
732 733 1.100000 5 0.870000
733 734 1.310000 8 0.750000
734 735 1.290000 3 0.770000
735 736 1.150000 5 0.890000
736 737 1.310000 8 0.720000
737 738 1.140000 3 0.600000
738 739 1.220000 2 0.840000
739 740 1.370000 8 0.890000
740 741 1.370000 8 0.890000
741 742 1.110000 6 0.830000
742 743 1.220000 2 0.840000
743 744 1.240000 6 0.660000
744 745 1.220000 2 0.840000
745 746 1.260000 6 0.620000
746 747 1.150000 2 0.720000
747 748 1.220000 2 0.840000
748 749 1.320000 4 0.600000
749 750 1.260000 5 0.870000
750 751 1.100000 7 0.860000
751 752 1.120000 4 0.750000
752 753 1.150000 5 0.810000
753 754 1.100000 7 0.860000
754 755 1.310000 8 0.750000
755 756 1.340000 4 0.830000
756 757 1.150000 2 0.720000
757 758 1.220000 2 0.840000
758 759 1.220000 2 0.840000
759 760 1.150000 2 0.720000
760 761 1.220000 2 0.840000
761 762 1.220000 2 0.840000
762 763 1.140000 8 0.720000
763 764 1.210000 3 0.860000
764 765 1.130000 2 0.850000
765 766 1.210000 3 0.860000
766 767 1.320000 7 0.820000
767 768 1.160000 8 0.710000
768 769 1.240000 8 0.600000
769 770 1.310000 8 0.790000
770 771 1.130000 5 0.860000
771 772 1.310000 8 0.720000
772 773 1.310000 8 0.720000
773 774 1.100000 7 0.810000
774 775 1.280000 3 0.880000
775 776 1.150000 2 0.720000
776 777 1.130000 7 0.890000
777 778 1.150000 2 0.720000
778 779 1.110000 6 0.830000
779 780 1.110000 6 0.830000
780 781 1.310000 8 0.750000
781 782 1.100000 5 0.870000
782 783 1.310000 8 0.780000
783 784 1.100000 5 0.870000
784 785 1.110000 8 0.640000
785 786 1.390000 3 0.810000
786 787 1.340000 7 0.700000
787 788 1.270000 7 0.860000
788 789 1.190000 2 0.780000
789 790 1.150000 8 0.860000
790 791 1.310000 8 0.840000
791 792 1.180000 4 0.820000
792 793 1.380000 3 0.650000
793 794 1.150000 8 0.860000
794 795 1.260000 3 0.730000
795 796 1.320000 2 0.610000
796 797 1.150000 2 0.720000
797 798 1.150000 2 0.720000
798 799 1.260000 3 0.730000
799 800 1.240000 4 0.650000
800 801 1.340000 7 0.700000
801 802 1.300000 3 0.830000
802 803 1.180000 4 0.820000
803 804 1.240000 4 0.650000
804 805 1.150000 2 0.720000
805 806 1.150000 2 0.720000
806 807 1.150000 5 0.890000
807 808 1.270000 4 0.630000
808 809 1.150000 2 0.720000
809 810 1.150000 2 0.720000
810 811 1.150000 2 0.720000
811 812 1.150000 2 0.720000
812 813 1.240000 4 0.650000
813 814 1.150000 2 0.720000
814 815 1.180000 4 0.820000
815 816 1.250000 6 0.840000
816 817 1.320000 7 0.820000
817 818 1.160000 8 0.710000
818 819 1.160000 8 0.710000
819 820 1.180000 7 0.860000
820 821 1.150000 7 0.790000
821 822 1.260000 5 0.890000
822 823 1.250000 6 0.680000
823 824 1.180000 4 0.820000
824 825 1.110000 4 0.850000
825 826 1.320000 2 0.870000
826 827 1.390000 5 0.840000
827 828 1.390000 5 0.840000
828 829 1.290000 3 0.770000
829 830 1.100000 5 0.870000
830 831 1.220000 2 0.840000
831 832 1.150000 2 0.720000
832 833 1.130000 7 0.890000
833 834 1.310000 8 0.840000
834 835 1.310000 8 0.840000
835 836 1.310000 8 0.750000
836 837 1.240000 3 0.680000
837 838 1.390000 3 0.810000
838 839 1.220000 2 0.700000
839 840 1.390000 5 0.840000
840 841 1.390000 5 0.840000
841 842 1.390000 5 0.840000
842 843 1.180000 4 0.820000
843 844 1.340000 6 0.640000
844 845 1.340000 6 0.640000
845 846 1.150000 5 0.810000
846 847 1.250000 6 0.840000
847 848 1.340000 6 0.640000
848 849 1.150000 2 0.720000
849 850 1.180000 4 0.820000
850 851 1.240000 4 0.660000
851 852 1.150000 2 0.720000
852 853 1.290000 6 0.870000
853 854 1.340000 6 0.640000
854 855 1.290000 6 0.660000
855 856 1.230000 8 0.620000
856 857 1.390000 5 0.840000
857 858 1.240000 5 0.680000
858 859 1.240000 5 0.680000
859 860 1.340000 6 0.640000
860 861 1.380000 6 0.730000
861 862 1.150000 2 0.720000
862 863 1.270000 7 0.860000
863 864 1.180000 4 0.820000
864 865 1.180000 4 0.820000
865 866 1.240000 3 0.680000
866 867 1.210000 3 0.860000
867 868 1.180000 4 0.820000
868 869 1.180000 4 0.820000
869 870 1.270000 7 0.860000
870 871 1.270000 7 0.860000
871 872 1.260000 4 0.720000
872 873 1.390000 5 0.780000
873 874 1.140000 4 0.610000
874 875 1.140000 3 0.600000
875 876 1.150000 2 0.720000
876 877 1.190000 2 0.780000
877 878 1.310000 3 0.770000
878 879 1.150000 5 0.810000
879 880 1.140000 4 0.610000
880 881 1.290000 6 0.660000
881 882 1.290000 6 0.660000
882 883 1.190000 2 0.780000
883 884 1.200000 4 0.730000
884 885 1.100000 5 0.870000
885 886 1.180000 4 0.820000
886 887 1.310000 8 0.750000
887 888 1.260000 3 0.730000
888 889 1.260000 3 0.730000
889 890 1.290000 6 0.660000
890 891 1.150000 5 0.810000
891 892 1.110000 5 0.660000
892 893 1.350000 4 0.810000
893 894 1.150000 2 0.720000
894 895 1.220000 2 0.840000
895 896 1.150000 2 0.720000
896 897 1.220000 2 0.840000
897 898 1.100000 5 0.870000
898 899 1.150000 5 0.810000
899 900 1.250000 4 0.670000
900 901 1.340000 6 0.640000
901 902 1.250000 4 0.670000
902 903 1.200000 4 0.770000
903 904 1.340000 6 0.640000
904 905 1.250000 4 0.670000
905 906 1.250000 4 0.670000
906 907 1.250000 4 0.670000
907 908 1.250000 4 0.670000
908 909 1.250000 4 0.670000
909 910 1.310000 8 0.780000
910 911 1.340000 6 0.640000
911 912 1.150000 5 0.850000
912 913 1.340000 6 0.640000
913 914 1.340000 6 0.640000
914 915 1.150000 5 0.810000
915 916 1.130000 7 0.890000
916 917 1.340000 6 0.640000
917 918 1.180000 4 0.820000
918 919 1.140000 4 0.610000
919 920 1.180000 5 0.700000
920 921 1.180000 4 0.820000
921 922 1.150000 5 0.810000
922 923 1.290000 7 0.780000
923 924 1.340000 6 0.640000
924 925 1.230000 7 0.770000
925 926 1.340000 6 0.640000
926 927 1.290000 8 0.850000
927 928 1.290000 8 0.850000
928 929 1.210000 3 0.820000
929 930 1.220000 2 0.840000
930 931 1.140000 8 0.720000
931 932 1.150000 5 0.850000
932 933 1.220000 2 0.840000
933 934 1.340000 7 0.700000
934 935 1.260000 4 0.720000
935 936 1.240000 3 0.820000
936 937 1.150000 2 0.720000
937 938 1.150000 2 0.720000
938 939 1.180000 6 0.810000
939 940 1.240000 5 0.680000
940 941 1.390000 5 0.840000
941 942 1.240000 6 0.660000
942 943 1.150000 2 0.720000
943 944 1.270000 4 0.600000
944 945 1.310000 8 0.720000
945 946 1.240000 6 0.660000
946 947 1.140000 8 0.720000
947 948 1.240000 5 0.680000
948 949 1.240000 4 0.650000
949 950 1.230000 8 0.890000
950 951 1.230000 8 0.890000
951 952 1.330000 2 0.610000
952 953 1.100000 7 0.860000
953 954 1.260000 3 0.730000
954 955 1.340000 4 0.830000
955 956 1.220000 2 0.840000
956 957 1.130000 6 0.770000
957 958 1.150000 2 0.720000
958 959 1.250000 6 0.770000
959 960 1.210000 4 0.730000
960 961 1.310000 8 0.720000
961 962 1.130000 8 0.640000
962 963 1.150000 7 0.790000
963 964 1.150000 2 0.720000
964 965 1.150000 2 0.720000
965 966 1.310000 8 0.780000
966 967 1.230000 8 0.890000
967 968 1.250000 6 0.680000
968 969 1.260000 3 0.730000
969 970 1.150000 2 0.720000
970 971 1.230000 8 0.890000
971 972 1.150000 2 0.720000
972 973 1.150000 2 0.720000
973 974 1.240000 4 0.650000
974 975 1.240000 4 0.650000
975 976 1.150000 2 0.720000
976 977 1.240000 4 0.650000
977 978 1.150000 2 0.720000
978 979 1.120000 2 0.830000
979 980 1.390000 5 0.840000
980 981 1.150000 2 0.720000
981 982 1.240000 4 0.650000
982 983 1.240000 4 0.650000
983 984 1.150000 2 0.720000
984 985 1.240000 4 0.650000
985 986 1.220000 2 0.840000
986 987 1.220000 2 0.840000
987 988 1.220000 2 0.840000
988 989 1.220000 2 0.840000
989 990 1.220000 2 0.840000
990 991 1.340000 4 0.830000
991 992 1.310000 8 0.720000
992 993 1.310000 8 0.720000
993 994 1.260000 3 0.730000
994 995 1.210000 3 0.860000
995 996 1.210000 3 0.720000
996 997 1.150000 2 0.720000
997 998 1.390000 3 0.810000
998 999 1.210000 3 0.860000
999 1000 1.210000 3 0.860000
1000 1001 1.210000 3 0.860000
1001 1002 1.210000 3 0.860000
1002 1003 1.340000 7 0.700000
1003 1004 1.180000 4 0.820000
1004 1005 1.210000 3 0.860000
1005 1006 1.210000 3 0.860000
1006 1007 1.210000 3 0.860000
1007 1008 1.340000 6 0.640000
1008 1009 1.320000 2 0.870000
1009 1010 1.140000 3 0.600000
1010 1011 1.340000 6 0.640000
1011 1012 1.340000 4 0.830000
1012 1013 1.100000 5 0.870000
1013 1014 1.390000 3 0.810000
1014 1015 1.390000 3 0.810000
1015 1016 1.200000 4 0.770000
1016 1017 1.190000 4 0.840000
1017 1018 1.290000 6 0.770000
1018 1019 1.150000 7 0.610000
1019 1020 1.210000 3 0.860000
1020 1021 1.390000 3 0.830000
1021 1022 1.310000 8 0.720000
1022 1023 1.240000 4 0.730000
1023 1024 1.390000 3 0.830000
1024 1025 1.390000 5 0.840000
1025 1026 1.390000 3 0.830000
1026 1027 1.150000 5 0.810000
1027 1028 1.150000 2 0.720000
1028 1029 1.220000 2 0.840000
1029 1030 1.150000 2 0.720000
1030 1031 1.150000 2 0.720000
1031 1032 1.220000 2 0.840000
1032 1033 1.220000 2 0.840000
1033 1034 1.220000 2 0.840000
1034 1035 1.310000 8 0.720000
1035 1036 1.250000 6 0.680000
1036 1037 1.250000 6 0.680000
1037 1038 1.260000 4 0.640000
1038 1039 1.250000 6 0.680000
1039 1040 1.140000 3 0.600000
1040 1041 1.160000 8 0.710000
1041 1042 1.310000 8 0.780000
1042 1043 1.310000 8 0.720000
1043 1044 1.390000 7 0.700000
1044 1045 1.220000 2 0.840000
1045 1046 1.220000 2 0.840000
1046 1047 1.150000 2 0.720000
1047 1048 1.240000 4 0.650000
1048 1049 1.150000 2 0.720000
1049 1050 1.310000 8 0.720000
1050 1051 1.150000 2 0.720000
1051 1052 1.130000 7 0.890000
1052 1053 1.110000 5 0.760000
1053 1054 1.240000 4 0.730000
1054 1055 1.250000 6 0.840000
1055 1056 1.190000 2 0.780000
1056 1057 1.130000 7 0.890000
1057 1058 1.190000 8 0.610000
1058 1059 1.210000 3 0.820000
1059 1060 1.190000 2 0.780000
1060 1061 1.220000 2 0.840000
1061 1062 1.290000 8 0.850000
1062 1063 1.190000 2 0.780000
1063 1064 1.220000 2 0.840000
1064 1065 1.220000 2 0.840000
1065 1066 1.260000 4 0.720000
1066 1067 1.290000 6 0.660000
1067 1068 1.290000 6 0.770000
1068 1069 1.220000 7 0.690000
1069 1070 1.210000 4 0.640000
1070 1071 1.220000 2 0.840000
1071 1072 1.100000 3 0.660000
1072 1073 1.210000 4 0.860000
1073 1074 1.160000 3 0.830000
1074 1075 1.230000 7 0.720000
1075 1076 1.230000 7 0.720000
1076 1077 1.110000 2 0.670000
1077 1078 1.240000 3 0.820000
1078 1079 1.160000 8 0.890000
1079 1080 1.360000 4 0.660000
1080 1081 1.240000 3 0.820000
1081 1082 1.240000 3 0.820000
1082 1083 1.300000 3 0.830000
1083 1084 1.230000 8 0.890000
1084 1085 1.310000 6 0.750000
1085 1086 1.310000 3 0.640000
1086 1087 1.250000 4 0.670000
1087 1088 1.250000 4 0.670000
1088 1089 1.310000 8 0.780000
1089 1090 1.320000 2 0.870000
1090 1091 1.230000 7 0.720000
1091 1092 1.180000 4 0.820000
1092 1093 1.240000 5 0.680000
1093 1094 1.120000 6 0.770000
1094 1095 1.180000 4 0.820000
1095 1096 1.130000 7 0.700000
1096 1097 1.140000 3 0.600000
1097 1098 1.290000 2 0.710000
1098 1099 1.210000 3 0.860000
1099 1100 1.390000 5 0.840000
1100 1101 1.100000 5 0.870000
1101 1102 1.150000 2 0.720000
1102 1103 1.370000 8 0.890000
1103 1104 1.130000 5 0.650000
1104 1105 1.390000 3 0.810000
1105 1106 1.100000 5 0.870000
1106 1107 1.140000 3 0.600000
1107 1108 1.390000 3 0.830000
1108 1109 1.150000 2 0.720000
1109 1110 1.100000 7 0.860000
1110 1111 1.200000 4 0.770000
1111 1112 1.320000 2 0.870000
1112 1113 1.310000 2 0.860000
1113 1114 1.390000 5 0.840000
1114 1115 1.100000 7 0.860000
1115 1116 1.150000 2 0.720000
1116 1117 1.390000 3 0.810000
1117 1118 1.270000 4 0.750000
1118 1119 1.300000 3 0.830000
1119 1120 1.130000 7 0.890000
1120 1121 1.190000 8 0.710000
1121 1122 1.340000 6 0.640000
1122 1123 1.180000 4 0.820000
1123 1124 1.250000 6 0.840000
1124 1125 1.250000 6 0.840000
1125 1126 1.260000 3 0.730000
1126 1127 1.220000 2 0.840000
1127 1128 1.220000 2 0.840000
1128 1129 1.360000 3 0.760000
1129 1130 1.170000 2 0.660000
1130 1131 1.290000 6 0.660000
1131 1132 1.150000 2 0.720000
1132 1133 1.220000 2 0.840000
1133 1134 1.150000 2 0.720000
1134 1135 1.290000 5 0.600000
1135 1136 1.290000 5 0.600000
1136 1137 1.150000 2 0.720000
1137 1138 1.150000 2 0.720000
1138 1139 1.240000 4 0.650000
1139 1140 1.240000 4 0.650000
1140 1141 1.240000 4 0.650000
1141 1142 1.220000 2 0.840000
1142 1143 1.110000 6 0.830000
1143 1144 1.150000 2 0.720000
1144 1145 1.100000 5 0.870000
1145 1146 1.150000 5 0.810000
1146 1147 1.150000 2 0.720000
1147 1148 1.150000 2 0.720000
1148 1149 1.150000 2 0.720000
1149 1150 1.150000 2 0.720000
1150 1151 1.220000 2 0.700000
1151 1152 1.390000 3 0.810000
1152 1153 1.150000 2 0.720000
1153 1154 1.220000 2 0.840000
1154 1155 1.220000 2 0.840000
1155 1156 1.390000 3 0.810000
1156 1157 1.250000 6 0.840000
1157 1158 1.310000 8 0.780000
1158 1159 1.210000 3 0.860000
1159 1160 1.310000 6 0.750000
1160 1161 1.260000 3 0.730000
1161 1162 1.280000 6 0.710000
1162 1163 1.190000 5 0.800000
1163 1164 1.150000 7 0.610000
1164 1165 1.210000 3 0.860000
1165 1166 1.350000 6 0.850000
1166 1167 1.130000 7 0.890000
1167 1168 1.290000 3 0.770000
1168 1169 1.210000 3 0.720000
1169 1170 1.220000 2 0.840000
1170 1171 1.150000 5 0.890000
1171 1172 1.150000 5 0.890000
1172 1173 1.310000 8 0.720000
1173 1174 1.150000 3 0.670000
1174 1175 1.390000 3 0.830000
1175 1176 1.340000 7 0.700000
1176 1177 1.220000 2 0.840000
1177 1178 1.220000 2 0.840000
1178 1179 1.150000 2 0.720000
1179 1180 1.220000 2 0.840000
1180 1181 1.150000 2 0.720000
1181 1182 1.220000 2 0.700000
1182 1183 1.140000 3 0.600000
1183 1184 1.250000 6 0.770000
1184 1185 1.220000 2 0.840000
1185 1186 1.290000 5 0.600000
1186 1187 1.290000 5 0.600000
1187 1188 1.150000 2 0.720000
1188 1189 1.240000 6 0.800000
1189 1190 1.150000 2 0.720000
1190 1191 1.200000 4 0.770000
1191 1192 1.350000 3 0.730000
1192 1193 1.250000 6 0.840000
1193 1194 1.230000 8 0.890000
1194 1195 1.100000 5 0.870000
1195 1196 1.150000 2 0.720000
1196 1197 1.100000 5 0.870000
1197 1198 1.290000 3 0.770000
1198 1199 1.100000 5 0.870000
1199 1200 1.150000 5 0.810000
1200 1201 1.100000 5 0.870000
1201 1202 1.240000 6 0.660000
1202 1203 1.150000 5 0.890000
1203 1204 1.320000 4 0.600000
1204 1205 1.180000 3 0.740000
1205 1206 1.210000 3 0.750000
1206 1207 1.170000 6 0.850000
1207 1208 1.330000 3 0.870000
1208 1209 1.240000 3 0.800000
1209 1210 1.100000 7 0.860000
1210 1211 1.150000 5 0.810000
1211 1212 1.390000 3 0.810000
1212 1213 1.320000 4 0.600000
1213 1214 1.230000 7 0.720000
1214 1215 1.330000 2 0.610000
1215 1216 1.340000 6 0.640000
1216 1217 1.250000 6 0.820000
1217 1218 1.180000 4 0.820000
1218 1219 1.310000 6 0.750000
1219 1220 1.310000 6 0.750000
1220 1221 1.210000 3 0.860000
1221 1222 1.210000 3 0.860000
1222 1223 1.320000 2 0.870000
1223 1224 1.320000 4 0.600000
1224 1225 1.130000 7 0.890000
1225 1226 1.320000 4 0.600000
1226 1227 1.350000 4 0.810000
1227 1228 1.260000 3 0.730000
1228 1229 1.260000 4 0.710000
1229 1230 1.150000 3 0.730000
1230 1231 1.230000 7 0.720000
1231 1232 1.340000 6 0.640000
1232 1233 1.390000 5 0.840000
1233 1234 1.390000 5 0.840000
1234 1235 1.390000 5 0.840000
1235 1236 1.340000 6 0.640000
1236 1237 1.340000 6 0.640000
1237 1238 1.340000 6 0.640000
1238 1239 1.100000 7 0.810000
1239 1240 1.340000 6 0.640000
1240 1241 1.340000 6 0.640000
1241 1242 1.340000 6 0.640000
1242 1243 1.240000 6 0.660000
1243 1244 1.150000 5 0.810000
1244 1245 1.180000 3 0.680000
1245 1246 1.340000 6 0.640000
1246 1247 1.340000 6 0.640000
1247 1248 1.390000 5 0.840000
1248 1249 1.160000 8 0.710000
1249 1250 1.190000 5 0.790000
1250 1251 1.120000 6 0.770000
1251 1252 1.260000 3 0.730000
1252 1253 1.180000 3 0.740000
1253 1254 1.370000 8 0.890000
1254 1255 1.220000 2 0.840000
1255 1256 1.220000 2 0.840000
1256 1257 1.390000 5 0.840000
1257 1258 1.180000 3 0.740000
1258 1259 1.220000 2 0.840000
1259 1260 1.220000 2 0.840000
1260 1261 1.250000 6 0.680000
1261 1262 1.220000 2 0.840000
1262 1263 1.220000 2 0.840000
1263 1264 1.240000 4 0.650000
1264 1265 1.240000 4 0.650000
1265 1266 1.240000 4 0.650000
1266 1267 1.150000 2 0.720000
1267 1268 1.240000 4 0.730000
1268 1269 1.140000 3 0.600000
1269 1270 1.240000 5 0.680000
1270 1271 1.390000 5 0.840000
1271 1272 1.120000 6 0.770000
1272 1273 1.150000 7 0.790000
1273 1274 1.180000 4 0.820000
1274 1275 1.390000 5 0.840000
1275 1276 1.220000 2 0.840000
1276 1277 1.220000 2 0.840000
1277 1278 1.120000 5 0.770000
1278 1279 1.150000 2 0.720000
1279 1280 1.340000 4 0.830000
1280 1281 1.150000 2 0.720000
1281 1282 1.220000 2 0.700000
1282 1283 1.220000 2 0.840000
1283 1284 1.260000 3 0.730000
1284 1285 1.340000 6 0.640000
1285 1286 1.340000 6 0.640000
1286 1287 1.210000 3 0.860000
1287 1288 1.130000 4 0.830000
1288 1289 1.320000 6 0.610000
1289 1290 1.340000 6 0.640000
1290 1291 1.160000 5 0.680000
1291 1292 1.300000 4 0.700000
1292 1293 1.160000 5 0.680000
1293 1294 1.300000 4 0.700000
1294 1295 1.300000 4 0.700000
1295 1296 1.340000 6 0.640000
1296 1297 1.340000 6 0.640000
1297 1298 1.340000 6 0.640000
1298 1299 1.310000 6 0.750000
1299 1300 1.390000 5 0.840000
1300 1301 1.340000 6 0.640000
1301 1302 1.320000 4 0.790000
1302 1303 1.390000 5 0.840000
1303 1304 1.390000 5 0.840000
1304 1305 1.250000 6 0.840000
1305 1306 1.310000 3 0.770000
1306 1307 1.190000 8 0.610000
1307 1308 1.290000 6 0.660000
1308 1309 1.100000 7 0.860000
1309 1310 1.200000 4 0.770000
1310 1311 1.210000 4 0.670000
1311 1312 1.320000 4 0.600000
1312 1313 1.260000 6 0.850000
1313 1314 1.150000 7 0.610000
1314 1315 1.320000 4 0.600000
1315 1316 1.130000 2 0.850000
1316 1317 1.190000 7 0.800000
1317 1318 1.370000 2 0.720000
1318 1319 1.370000 2 0.720000
1319 1320 1.380000 6 0.660000
1320 1321 1.230000 8 0.630000
1321 1322 1.300000 7 0.750000
1322 1323 1.240000 3 0.800000
1323 1324 1.320000 4 0.600000
1324 1325 1.290000 3 0.770000
1325 1326 1.180000 3 0.740000
1326 1327 1.240000 5 0.680000
1327 1328 1.150000 2 0.720000
1328 1329 1.150000 2 0.720000
1329 1330 1.180000 4 0.820000
1330 1331 1.250000 6 0.680000
1331 1332 1.150000 5 0.810000
1332 1333 1.150000 5 0.810000
1333 1334 1.240000 5 0.680000
1334 1335 1.210000 3 0.860000
1335 1336 1.210000 3 0.860000
1336 1337 1.260000 3 0.730000
1337 1338 1.390000 5 0.840000
1338 1339 1.320000 4 0.600000
1339 1340 1.390000 3 0.830000
1340 1341 1.390000 5 0.840000
1341 1342 1.330000 2 0.610000
1342 1343 1.270000 4 0.630000
1343 1344 1.140000 4 0.650000
1344 1345 1.150000 5 0.810000
1345 1346 1.390000 5 0.840000
1346 1347 1.330000 2 0.610000
1347 1348 1.390000 3 0.810000
1348 1349 1.240000 6 0.660000
1349 1350 1.240000 4 0.730000
1350 1351 1.390000 3 0.810000
1351 1352 1.100000 7 0.810000
1352 1353 1.220000 2 0.700000
1353 1354 1.270000 4 0.630000
1354 1355 1.340000 7 0.700000
1355 1356 1.250000 5 0.640000
1356 1357 1.380000 6 0.730000
1357 1358 1.100000 5 0.720000
1358 1359 1.240000 4 0.730000
1359 1360 1.130000 7 0.890000
1360 1361 1.130000 7 0.890000
1361 1362 1.300000 3 0.810000
1362 1363 1.270000 7 0.860000
1363 1364 1.250000 6 0.840000
1364 1365 1.140000 4 0.610000
1365 1366 1.390000 3 0.810000
1366 1367 1.360000 4 0.660000
1367 1368 1.330000 3 0.870000
1368 1369 1.100000 2 0.720000
1369 1370 1.360000 4 0.660000
1370 1371 1.300000 3 0.850000
1371 1372 1.260000 4 0.720000
1372 1373 1.250000 5 0.640000
1373 1374 1.110000 6 0.830000
1374 1375 1.290000 6 0.660000
1375 1376 1.250000 2 0.830000
1376 1377 1.290000 6 0.660000
1377 1378 1.360000 8 0.740000
1378 1379 1.290000 6 0.660000
1379 1380 1.230000 8 0.770000
1380 1381 1.380000 4 0.770000
1381 1382 1.140000 4 0.630000
1382 1383 1.140000 8 0.760000
1383 1384 1.300000 6 0.610000
1384 1385 1.190000 6 0.840000
1385 1386 1.240000 4 0.730000
1386 1387 1.120000 2 0.830000
1387 1388 1.290000 8 0.840000
1388 1389 1.150000 7 0.790000
1389 1390 1.150000 7 0.610000
1390 1391 1.310000 6 0.750000
1391 1392 1.230000 7 0.720000
1392 1393 1.220000 5 0.740000
1393 1394 1.120000 2 0.830000
1394 1395 1.170000 7 0.830000
1395 1396 1.390000 8 0.720000
1396 1397 1.290000 8 0.850000
1397 1398 1.270000 4 0.630000
1398 1399 1.270000 4 0.630000
1399 1400 1.120000 8 0.890000
1400 1401 1.150000 7 0.610000
1401 1402 1.150000 7 0.610000
1402 1403 1.290000 6 0.770000
1403 1404 1.150000 7 0.610000
1404 1405 1.240000 5 0.680000
1405 1406 1.130000 8 0.720000
1406 1407 1.180000 4 0.820000
1407 1408 1.380000 3 0.650000
1408 1409 1.250000 6 0.670000
1409 1410 1.150000 8 0.860000
1410 1411 1.150000 7 0.610000
1411 1412 1.310000 3 0.640000
1412 1413 1.230000 4 0.880000
1413 1414 1.120000 4 0.750000
1414 1415 1.230000 4 0.880000
1415 1416 1.180000 4 0.820000
1416 1417 1.230000 4 0.880000
1417 1418 1.310000 3 0.640000
1418 1419 1.300000 8 0.620000
1419 1420 1.150000 7 0.610000
1420 1421 1.250000 6 0.840000
1421 1422 1.310000 8 0.780000
1422 1423 1.290000 3 0.770000
1423 1424 1.150000 8 0.860000
1424 1425 1.330000 3 0.870000
1425 1426 1.390000 3 0.830000
1426 1427 1.230000 8 0.890000
1427 1428 1.290000 3 0.770000
1428 1429 1.250000 5 0.640000
1429 1430 1.140000 8 0.760000
1430 1431 1.360000 4 0.660000
1431 1432 1.150000 6 0.670000
1432 1433 1.110000 6 0.830000
1433 1434 1.110000 6 0.830000
1434 1435 1.290000 3 0.770000
1435 1436 1.380000 6 0.730000
1436 1437 1.290000 3 0.770000
1437 1438 1.110000 6 0.830000
1438 1439 1.390000 3 0.830000
1439 1440 1.290000 8 0.840000
1440 1441 1.240000 5 0.680000
1441 1442 1.330000 3 0.870000
1442 1443 1.230000 8 0.770000
1443 1444 1.260000 4 0.720000
1444 1445 1.240000 4 0.730000
1445 1446 1.340000 7 0.700000
1446 1447 1.290000 8 0.850000
1447 1448 1.300000 3 0.850000
1448 1449 1.290000 8 0.850000
1449 1450 1.220000 2 0.840000
1450 1451 1.390000 3 0.830000
1451 1452 1.310000 8 0.780000
1452 1453 1.290000 8 0.850000
1453 1454 1.180000 4 0.820000
1454 1455 1.290000 8 0.850000
1455 1456 1.390000 3 0.830000
1456 1457 1.290000 8 0.850000
1457 1458 1.290000 8 0.850000
1458 1459 1.340000 6 0.640000
1459 1460 1.290000 8 0.850000
1460 1461 1.290000 8 0.850000
1461 1462 1.290000 8 0.850000
1462 1463 1.290000 8 0.850000
1463 1464 1.290000 8 0.850000
1464 1465 1.290000 8 0.850000
1465 1466 1.290000 8 0.850000
1466 1467 1.310000 8 0.780000
1467 1468 1.340000 6 0.640000
1468 1469 1.350000 6 0.700000
1469 1470 1.350000 5 0.720000
1470 1471 1.390000 5 0.840000
1471 1472 1.240000 5 0.680000
1472 1473 1.290000 8 0.850000
1473 1474 1.290000 8 0.850000
1474 1475 1.340000 6 0.640000
1475 1476 1.240000 3 0.820000
1476 1477 1.210000 3 0.820000
1477 1478 1.310000 8 0.780000
1478 1479 1.210000 3 0.820000
1479 1480 1.240000 3 0.750000
1480 1481 1.170000 2 0.820000
1481 1482 1.370000 3 0.800000
1482 1483 1.230000 7 0.770000
1483 1484 1.130000 4 0.830000
1484 1485 1.230000 4 0.810000
1485 1486 1.260000 8 0.630000
1486 1487 1.150000 7 0.610000
1487 1488 1.390000 8 0.720000
1488 1489 1.130000 6 0.810000
1489 1490 1.240000 4 0.660000
1490 1491 1.320000 4 0.600000
1491 1492 1.290000 6 0.770000
1492 1493 1.150000 3 0.730000
1493 1494 1.220000 2 0.840000
1494 1495 1.210000 4 0.640000
1495 1496 1.270000 5 0.630000
1496 1497 1.180000 4 0.820000
1497 1498 1.250000 6 0.840000
1498 1499 1.360000 4 0.660000
1499 1500 1.340000 6 0.640000
1500 1501 1.390000 3 0.830000
1501 1502 1.240000 5 0.680000
1502 1503 1.390000 5 0.840000
1503 1504 1.300000 2 0.770000
1504 1505 1.140000 8 0.720000
1505 1506 1.290000 8 0.850000
1506 1507 1.310000 8 0.780000
1507 1508 1.320000 4 0.600000
1508 1509 1.320000 4 0.600000
1509 1510 1.390000 5 0.840000
1510 1511 1.330000 3 0.870000
1511 1512 1.150000 6 0.670000
1512 1513 1.210000 4 0.640000
1513 1514 1.210000 8 0.720000
1514 1515 1.150000 6 0.670000
1515 1516 1.170000 7 0.830000
1516 1517 1.170000 6 0.690000
1517 1518 1.130000 8 0.720000
1518 1519 1.170000 6 0.690000
1519 1520 1.230000 4 0.880000
1520 1521 1.290000 6 0.770000
1521 1522 1.390000 4 0.740000
1522 1523 1.390000 8 0.720000
1523 1524 1.100000 5 0.720000
1524 1525 1.230000 7 0.770000
1525 1526 1.230000 7 0.770000
1526 1527 1.380000 4 0.770000
1527 1528 1.320000 2 0.870000
1528 1529 1.360000 4 0.660000
1529 1530 1.150000 7 0.610000
1530 1531 1.160000 5 0.700000
1531 1532 1.250000 6 0.840000
1532 1533 1.170000 6 0.690000
1533 1534 1.240000 3 0.820000
1534 1535 1.380000 4 0.770000
1535 1536 1.100000 4 0.650000
1536 1537 1.290000 6 0.870000
1537 1538 1.240000 5 0.680000
1538 1539 1.120000 2 0.830000
1539 1540 1.120000 4 0.750000
1540 1541 1.160000 2 0.820000
1541 1542 1.360000 4 0.660000
1542 1543 1.340000 6 0.640000
1543 1544 1.260000 4 0.720000
1544 1545 1.140000 8 0.760000
1545 1546 1.260000 4 0.720000
1546 1547 1.350000 4 0.810000
1547 1548 1.260000 4 0.720000
1548 1549 1.150000 8 0.860000
1549 1550 1.260000 4 0.720000
1550 1551 1.210000 3 0.820000
1551 1552 1.290000 6 0.870000
1552 1553 1.150000 3 0.670000
1553 1554 1.150000 5 0.890000
1554 1555 1.150000 8 0.860000
1555 1556 1.150000 7 0.790000
1556 1557 1.150000 8 0.860000
1557 1558 1.150000 8 0.860000
1558 1559 1.150000 7 0.790000
1559 1560 1.360000 4 0.660000
1560 1561 1.240000 5 0.680000
1561 1562 1.150000 7 0.610000
1562 1563 1.230000 7 0.720000
1563 1564 1.240000 3 0.680000
1564 1565 1.110000 6 0.760000
1565 1566 1.190000 4 0.840000
1566 1567 1.150000 7 0.610000
1567 1568 1.330000 3 0.870000
1568 1569 1.330000 3 0.870000
1569 1570 1.360000 4 0.660000
1570 1571 1.130000 8 0.720000
1571 1572 1.190000 6 0.840000
1572 1573 1.390000 5 0.840000
1573 1574 1.290000 6 0.770000
1574 1575 1.320000 4 0.600000
1575 1576 1.330000 3 0.870000
1576 1577 1.250000 6 0.840000
1577 1578 1.370000 8 0.890000
1578 1579 1.320000 6 0.890000
1579 1580 1.180000 4 0.820000
1580 1581 1.250000 6 0.670000
1581 1582 1.230000 6 0.640000
1582 1583 1.390000 5 0.780000
1583 1584 1.390000 5 0.780000
1584 1585 1.240000 4 0.730000
1585 1586 1.290000 6 0.870000
1586 1587 1.150000 7 0.610000
1587 1588 1.360000 4 0.660000
1588 1589 1.360000 4 0.660000
1589 1590 1.330000 4 0.880000
1590 1591 1.150000 7 0.610000
1591 1592 1.110000 5 0.760000
1592 1593 1.110000 5 0.760000
1593 1594 1.150000 7 0.610000
1594 1595 1.190000 6 0.840000
1595 1596 1.340000 8 0.820000
1596 1597 1.380000 3 0.650000
1597 1598 1.330000 6 0.740000
1598 1599 1.240000 5 0.680000
1599 1600 1.380000 4 0.770000
1600 1601 1.150000 7 0.610000
1601 1602 1.300000 3 0.810000
1602 1603 1.190000 6 0.840000
1603 1604 1.230000 8 0.890000
1604 1605 1.160000 3 0.670000
1605 1606 1.150000 7 0.610000
1606 1607 1.100000 5 0.720000
1607 1608 1.230000 4 0.880000
1608 1609 1.130000 2 0.700000
1609 1610 1.130000 2 0.700000
1610 1611 1.150000 3 0.730000
1611 1612 1.150000 7 0.610000
1612 1613 1.360000 4 0.660000
1613 1614 1.270000 5 0.630000
1614 1615 1.290000 2 0.700000
1615 1616 1.100000 5 0.720000
1616 1617 1.300000 3 0.830000
1617 1618 1.150000 7 0.790000
1618 1619 1.290000 3 0.770000
1619 1620 1.100000 2 0.650000
1620 1621 1.110000 6 0.830000
1621 1622 1.210000 3 0.820000
1622 1623 1.220000 2 0.840000
1623 1624 1.310000 8 0.780000
1624 1625 1.240000 4 0.730000
1625 1626 1.290000 8 0.850000
1626 1627 1.310000 3 0.880000
1627 1628 1.240000 5 0.680000
1628 1629 1.260000 4 0.720000
1629 1630 1.220000 2 0.840000
1630 1631 1.290000 8 0.850000
1631 1632 1.140000 8 0.760000
1632 1633 1.150000 7 0.610000
1633 1634 1.150000 7 0.610000
1634 1635 1.290000 8 0.840000
1635 1636 1.150000 6 0.670000
1636 1637 1.230000 4 0.880000
1637 1638 1.250000 6 0.820000
1638 1639 1.250000 4 0.820000
1639 1640 1.270000 7 0.600000
1640 1641 1.290000 6 0.770000
1641 1642 1.290000 2 0.700000
1642 1643 1.140000 3 0.600000
1643 1644 1.180000 4 0.820000
1644 1645 1.180000 4 0.820000
1645 1646 1.290000 8 0.850000
1646 1647 1.110000 6 0.830000
1647 1648 1.180000 3 0.890000
1648 1649 1.190000 2 0.780000
1649 1650 1.390000 3 0.830000
1650 1651 1.250000 6 0.840000
1651 1652 1.180000 4 0.820000
1652 1653 1.310000 8 0.780000
1653 1654 1.390000 3 0.830000
1654 1655 1.290000 8 0.850000
1655 1656 1.290000 8 0.850000
1656 1657 1.320000 6 0.890000
1657 1658 1.340000 6 0.640000
1658 1659 1.240000 5 0.680000
1659 1660 1.180000 4 0.820000
1660 1661 1.340000 6 0.640000
1661 1662 1.340000 8 0.820000
1662 1663 1.150000 8 0.860000
1663 1664 1.160000 2 0.670000
1664 1665 1.150000 7 0.610000
1665 1666 1.270000 2 0.720000
1666 1667 1.390000 8 0.720000
1667 1668 1.150000 3 0.730000
1668 1669 1.300000 2 0.660000
1669 1670 1.120000 4 0.750000
1670 1671 1.150000 7 0.790000
1671 1672 1.150000 7 0.790000
1672 1673 1.360000 4 0.660000
1673 1674 1.290000 8 0.850000
1674 1675 1.290000 8 0.850000
1675 1676 1.110000 6 0.830000
1676 1677 1.150000 8 0.860000
1677 1678 1.240000 5 0.680000
1678 1679 1.340000 8 0.820000
1679 1680 1.160000 5 0.660000
1680 1681 1.310000 8 0.780000
1681 1682 1.100000 6 0.700000
1682 1683 1.350000 4 0.810000
1683 1684 1.240000 4 0.730000
1684 1685 1.300000 3 0.850000
1685 1686 1.390000 5 0.840000
1686 1687 1.210000 3 0.820000
1687 1688 1.150000 7 0.610000
1688 1689 1.290000 8 0.840000
1689 1690 1.240000 8 0.600000
1690 1691 1.120000 2 0.830000
1691 1692 1.160000 5 0.700000
1692 1693 1.360000 4 0.660000
1693 1694 1.200000 3 0.720000
1694 1695 1.170000 6 0.730000
1695 1696 1.230000 7 0.720000
1696 1697 1.250000 4 0.720000
1697 1698 1.180000 3 0.890000
1698 1699 1.150000 7 0.790000
1699 1700 1.150000 5 0.890000
1700 1701 1.360000 4 0.660000
1701 1702 1.120000 4 0.750000
1702 1703 1.160000 3 0.830000
1703 1704 1.270000 8 0.610000
1704 1705 1.240000 4 0.660000
1705 1706 1.220000 5 0.730000
1706 1707 1.180000 4 0.820000
1707 1708 1.150000 7 0.610000
1708 1709 1.360000 4 0.660000
1709 1710 1.120000 4 0.750000
1710 1711 1.250000 6 0.840000
1711 1712 1.260000 4 0.720000
1712 1713 1.110000 6 0.830000
1713 1714 1.110000 6 0.830000
1714 1715 1.100000 4 0.650000
1715 1716 1.240000 4 0.730000
1716 1717 1.110000 6 0.830000
1717 1718 1.170000 6 0.850000
1718 1719 1.340000 7 0.700000
1719 1720 1.340000 6 0.640000
1720 1721 1.390000 5 0.840000
1721 1722 1.290000 8 0.850000
1722 1723 1.170000 6 0.850000
1723 1724 1.340000 6 0.640000
1724 1725 1.180000 3 0.890000
1725 1726 1.190000 2 0.780000
1726 1727 1.100000 5 0.870000
1727 1728 1.130000 7 0.890000
1728 1729 1.290000 8 0.850000
1729 1730 1.320000 3 0.710000
1730 1731 1.290000 8 0.850000
1731 1732 1.290000 8 0.840000
1732 1733 1.220000 2 0.840000
1733 1734 1.340000 6 0.640000
1734 1735 1.130000 7 0.890000
1735 1736 1.140000 4 0.650000
1736 1737 1.270000 4 0.750000
1737 1738 1.330000 8 0.830000
1738 1739 1.220000 2 0.840000
1739 1740 1.340000 6 0.640000
1740 1741 1.210000 5 0.770000
1741 1742 1.390000 5 0.840000
1742 1743 1.140000 4 0.650000
1743 1744 1.310000 7 0.630000
1744 1745 1.180000 5 0.700000
1745 1746 1.340000 6 0.640000
1746 1747 1.290000 8 0.850000
1747 1748 1.190000 2 0.780000
1748 1749 1.180000 3 0.890000
1749 1750 1.290000 8 0.850000
1750 1751 1.380000 6 0.730000
1751 1752 1.230000 8 0.890000
1752 1753 1.270000 5 0.630000
1753 1754 1.150000 5 0.810000
1754 1755 1.250000 6 0.840000
1755 1756 1.180000 4 0.820000
1756 1757 1.150000 7 0.610000
1757 1758 1.150000 7 0.610000
1758 1759 1.150000 7 0.610000
1759 1760 1.250000 6 0.840000
1760 1761 1.130000 8 0.720000
1761 1762 1.180000 4 0.820000
1762 1763 1.230000 7 0.720000
1763 1764 1.150000 7 0.610000
1764 1765 1.150000 5 0.810000
1765 1766 1.350000 7 0.690000
1766 1767 1.310000 3 0.640000
1767 1768 1.230000 7 0.720000
1768 1769 1.310000 3 0.640000
1769 1770 1.110000 4 0.800000
1770 1771 1.300000 3 0.730000
1771 1772 1.160000 5 0.680000
1772 1773 1.150000 7 0.610000
1773 1774 1.130000 8 0.720000
1774 1775 1.160000 5 0.700000
1775 1776 1.150000 7 0.610000
1776 1777 1.230000 8 0.890000
1777 1778 1.290000 6 0.870000
1778 1779 1.120000 2 0.830000
1779 1780 1.380000 6 0.750000
1780 1781 1.120000 2 0.830000
1781 1782 1.160000 5 0.700000
1782 1783 1.230000 4 0.810000
1783 1784 1.230000 7 0.720000
1784 1785 1.370000 5 0.670000
1785 1786 1.390000 8 0.720000
1786 1787 1.390000 8 0.720000
1787 1788 1.300000 3 0.730000
1788 1789 1.390000 8 0.720000
1789 1790 1.110000 6 0.730000
1790 1791 1.300000 3 0.730000
1791 1792 1.150000 7 0.610000
1792 1793 1.230000 7 0.720000
1793 1794 1.300000 8 0.670000
1794 1795 1.150000 7 0.610000
1795 1796 1.100000 5 0.720000
1796 1797 1.300000 8 0.670000
1797 1798 1.290000 4 0.790000
1798 1799 1.230000 7 0.770000
1799 1800 1.240000 3 0.820000
1800 1801 1.240000 5 0.680000
1801 1802 1.300000 8 0.670000
1802 1803 1.240000 4 0.660000
1803 1804 1.320000 7 0.820000
1804 1805 1.240000 8 0.600000
1805 1806 1.360000 4 0.660000
1806 1807 1.250000 6 0.840000
1807 1808 1.380000 3 0.650000
1808 1809 1.300000 3 0.810000
1809 1810 1.150000 5 0.890000
1810 1811 1.240000 5 0.680000
1811 1812 1.150000 8 0.790000
1812 1813 1.150000 7 0.610000
1813 1814 1.100000 4 0.720000
1814 1815 1.290000 8 0.850000
1815 1816 1.160000 8 0.710000
1816 1817 1.250000 6 0.840000
1817 1818 1.160000 5 0.630000
1818 1819 1.270000 8 0.610000
1819 1820 1.300000 3 0.830000
1820 1821 1.150000 8 0.860000
1821 1822 1.180000 4 0.820000
1822 1823 1.130000 5 0.720000
1823 1824 1.360000 3 0.600000
1824 1825 1.390000 8 0.620000
1825 1826 1.240000 4 0.730000
1826 1827 1.160000 5 0.630000
1827 1828 1.150000 8 0.860000
1828 1829 1.240000 6 0.660000
1829 1830 1.240000 6 0.660000
1830 1831 1.160000 5 0.630000
1831 1832 1.290000 2 0.710000
1832 1833 1.240000 5 0.680000
1833 1834 1.240000 4 0.730000
1834 1835 1.240000 5 0.680000
1835 1836 1.150000 5 0.810000
1836 1837 1.140000 3 0.600000
1837 1838 1.390000 5 0.840000
1838 1839 1.220000 5 0.730000
1839 1840 1.290000 6 0.660000
1840 1841 1.150000 8 0.860000
1841 1842 1.320000 6 0.830000
1842 1843 1.290000 3 0.770000
1843 1844 1.390000 5 0.840000
1844 1845 1.300000 3 0.830000
1845 1846 1.340000 6 0.640000
1846 1847 1.340000 6 0.640000
1847 1848 1.150000 5 0.810000
1848 1849 1.390000 3 0.830000
1849 1850 1.140000 8 0.760000
1850 1851 1.380000 4 0.770000
1851 1852 1.390000 5 0.840000
1852 1853 1.390000 3 0.830000
1853 1854 1.240000 7 0.740000
1854 1855 1.150000 7 0.610000
1855 1856 1.310000 3 0.640000
1856 1857 1.180000 4 0.820000
1857 1858 1.290000 2 0.700000
1858 1859 1.240000 3 0.820000
1859 1860 1.270000 5 0.630000
1860 1861 1.380000 4 0.770000
1861 1862 1.150000 5 0.810000
1862 1863 1.150000 5 0.810000
1863 1864 1.150000 8 0.860000
1864 1865 1.130000 2 0.880000
1865 1866 1.250000 6 0.840000
1866 1867 1.380000 6 0.750000
1867 1868 1.230000 4 0.880000
1868 1869 1.180000 4 0.820000
1869 1870 1.130000 8 0.720000
1870 1871 1.150000 7 0.790000
1871 1872 1.180000 4 0.820000
1872 1873 1.150000 5 0.890000
1873 1874 1.360000 3 0.840000
1874 1875 1.120000 4 0.750000
1875 1876 1.340000 8 0.750000
1876 1877 1.320000 2 0.610000
1877 1878 1.180000 4 0.820000
1878 1879 1.150000 7 0.610000
1879 1880 1.120000 4 0.750000
1880 1881 1.100000 5 0.720000
1881 1882 1.390000 6 0.700000
1882 1883 1.300000 8 0.730000
1883 1884 1.140000 3 0.600000
1884 1885 1.150000 7 0.610000
1885 1886 1.340000 6 0.640000
1886 1887 1.390000 3 0.830000
1887 1888 1.210000 3 0.820000
1888 1889 1.210000 3 0.820000
1889 1890 1.290000 8 0.850000
1890 1891 1.290000 8 0.850000
1891 1892 1.290000 3 0.770000
1892 1893 1.310000 8 0.780000
1893 1894 1.290000 8 0.850000
1894 1895 1.210000 3 0.820000
1895 1896 1.210000 3 0.820000
1896 1897 1.290000 8 0.850000
1897 1898 1.290000 8 0.850000
1898 1899 1.120000 2 0.830000
1899 1900 1.100000 4 0.650000
1900 1901 1.310000 8 0.780000
1901 1902 1.290000 3 0.770000
1902 1903 1.210000 3 0.820000
1903 1904 1.110000 6 0.830000
1904 1905 1.110000 6 0.830000
1905 1906 1.210000 3 0.820000
1906 1907 1.240000 5 0.680000
1907 1908 1.240000 5 0.680000
1908 1909 1.110000 6 0.830000
1909 1910 1.230000 8 0.770000
1910 1911 1.260000 4 0.720000
1911 1912 1.230000 8 0.770000
1912 1913 1.320000 2 0.870000
1913 1914 1.240000 5 0.680000
1914 1915 1.390000 7 0.780000
1915 1916 1.240000 5 0.680000
1916 1917 1.210000 3 0.820000
1917 1918 1.150000 5 0.810000
1918 1919 1.240000 5 0.680000
1919 1920 1.110000 6 0.830000
1920 1921 1.110000 6 0.830000
1921 1922 1.190000 2 0.780000
1922 1923 1.190000 2 0.780000
1923 1924 1.340000 6 0.640000
1924 1925 1.180000 3 0.890000
1925 1926 1.310000 8 0.780000
1926 1927 1.290000 8 0.850000
1927 1928 1.310000 8 0.780000
1928 1929 1.150000 2 0.720000
1929 1930 1.310000 8 0.780000
1930 1931 1.210000 3 0.820000
1931 1932 1.110000 7 0.690000
1932 1933 1.290000 8 0.850000
1933 1934 1.190000 2 0.780000
1934 1935 1.180000 4 0.820000
1935 1936 1.290000 8 0.850000
1936 1937 1.210000 3 0.820000
1937 1938 1.110000 6 0.830000
1938 1939 1.290000 8 0.850000
1939 1940 1.290000 8 0.850000
1940 1941 1.340000 6 0.640000
1941 1942 1.310000 2 0.710000
1942 1943 1.110000 6 0.830000
1943 1944 1.110000 6 0.830000
1944 1945 1.310000 2 0.710000
1945 1946 1.240000 6 0.660000
1946 1947 1.150000 5 0.890000
1947 1948 1.110000 6 0.830000
1948 1949 1.210000 3 0.820000
1949 1950 1.370000 8 0.890000
1950 1951 1.140000 8 0.720000
1951 1952 1.310000 8 0.780000
1952 1953 1.230000 8 0.770000
1953 1954 1.310000 8 0.780000
