0 1 1.240000 5 0.670000
1 2 1.270000 8 0.730000
2 3 1.220000 8 0.770000
3 4 1.340000 3 0.680000
4 5 1.210000 3 0.680000
5 6 1.210000 3 0.680000
6 7 1.210000 3 0.680000
7 8 1.210000 3 0.680000
8 9 1.270000 7 0.680000
9 10 1.210000 3 0.680000
10 11 1.310000 8 0.860000
11 12 1.210000 3 0.680000
12 13 1.210000 3 0.680000
13 14 1.310000 8 0.860000
14 15 1.210000 3 0.680000
15 16 1.210000 3 0.680000
16 17 1.210000 3 0.680000
17 18 1.160000 5 0.720000
18 19 1.210000 3 0.680000
19 20 1.200000 2 0.690000
20 21 1.210000 3 0.680000
21 22 1.270000 7 0.680000
22 23 1.310000 8 0.860000
23 24 1.310000 8 0.860000
24 25 1.310000 8 0.860000
25 26 1.310000 8 0.860000
26 27 1.310000 8 0.860000
27 28 1.210000 3 0.680000
28 29 1.210000 3 0.680000
29 30 1.210000 3 0.680000
30 31 1.210000 3 0.680000
31 32 1.210000 3 0.680000
32 33 1.370000 5 0.880000
33 34 1.210000 3 0.680000
34 35 1.210000 3 0.680000
35 36 1.210000 3 0.680000
36 37 1.210000 3 0.680000
37 38 1.210000 3 0.680000
38 39 1.210000 3 0.680000
39 40 1.210000 3 0.680000
40 41 1.210000 3 0.680000
41 42 1.210000 3 0.680000
42 43 1.210000 3 0.680000
43 44 1.210000 3 0.680000
44 45 1.210000 3 0.680000
45 46 1.310000 8 0.860000
46 47 1.310000 8 0.860000
47 48 1.200000 2 0.690000
48 49 1.230000 3 0.610000
49 50 1.210000 3 0.680000
50 51 1.210000 3 0.680000
51 52 1.180000 7 0.760000
52 53 1.210000 3 0.680000
53 54 1.210000 3 0.680000
54 55 1.210000 3 0.680000
55 56 1.210000 3 0.680000
56 57 1.260000 2 0.650000
57 58 1.210000 3 0.680000
58 59 1.210000 3 0.680000
59 60 1.200000 2 0.690000
60 61 1.210000 3 0.680000
61 62 1.210000 3 0.680000
62 63 1.310000 8 0.860000
63 64 1.260000 2 0.650000
64 65 1.210000 3 0.680000
65 66 1.310000 8 0.860000
66 67 1.310000 8 0.860000
67 68 1.230000 3 0.610000
68 69 1.240000 2 0.840000
69 70 1.260000 2 0.650000
70 71 1.200000 2 0.690000
71 72 1.230000 3 0.880000
72 73 1.200000 2 0.690000
73 74 1.260000 2 0.650000
74 75 1.290000 5 0.680000
75 76 1.290000 5 0.680000
76 77 1.360000 5 0.780000
77 78 1.270000 4 0.600000
78 79 1.290000 5 0.680000
79 80 1.290000 5 0.680000
80 81 1.310000 8 0.860000
81 82 1.290000 5 0.680000
82 83 1.290000 5 0.680000
83 84 1.310000 8 0.860000
84 85 1.240000 5 0.620000
85 86 1.370000 5 0.880000
86 87 1.340000 5 0.660000
87 88 1.340000 5 0.660000
88 89 1.360000 4 0.820000
89 90 1.210000 3 0.670000
90 91 1.310000 8 0.860000
91 92 1.220000 3 0.690000
92 93 1.310000 8 0.860000
93 94 1.310000 8 0.860000
94 95 1.380000 8 0.710000
95 96 1.290000 5 0.680000
96 97 1.350000 2 0.640000
97 98 1.140000 8 0.800000
98 99 1.380000 8 0.710000
99 100 1.240000 2 0.840000
100 101 1.350000 6 0.870000
101 102 1.290000 5 0.840000
102 103 1.290000 5 0.680000
103 104 1.290000 5 0.680000
104 105 1.160000 5 0.720000
105 106 1.200000 2 0.690000
106 107 1.290000 5 0.680000
107 108 1.290000 5 0.680000
108 109 1.360000 5 0.780000
109 110 1.360000 5 0.780000
110 111 1.290000 5 0.680000
111 112 1.200000 2 0.690000
112 113 1.310000 8 0.860000
113 114 1.360000 4 0.720000
114 115 1.240000 2 0.840000
115 116 1.260000 2 0.650000
116 117 1.220000 3 0.710000
117 118 1.260000 2 0.650000
118 119 1.310000 8 0.860000
119 120 1.260000 2 0.650000
120 121 1.260000 2 0.650000
121 122 1.210000 3 0.680000
122 123 1.210000 3 0.680000
123 124 1.320000 5 0.600000
124 125 1.110000 4 0.780000
125 126 1.320000 5 0.600000
126 127 1.310000 8 0.860000
127 128 1.380000 4 0.620000
128 129 1.260000 2 0.650000
129 130 1.310000 8 0.860000
130 131 1.210000 3 0.680000
131 132 1.310000 8 0.860000
132 133 1.210000 3 0.680000
133 134 1.220000 3 0.650000
134 135 1.110000 2 0.730000
135 136 1.340000 8 0.770000
136 137 1.260000 2 0.650000
137 138 1.310000 8 0.860000
138 139 1.310000 8 0.860000
139 140 1.320000 5 0.600000
140 141 1.320000 5 0.600000
141 142 1.310000 8 0.860000
142 143 1.350000 6 0.870000
143 144 1.240000 2 0.840000
144 145 1.260000 2 0.650000
145 146 1.240000 2 0.840000
146 147 1.260000 2 0.650000
147 148 1.370000 5 0.880000
148 149 1.290000 5 0.680000
149 150 1.210000 3 0.680000
150 151 1.210000 3 0.680000
151 152 1.160000 5 0.720000
152 153 1.310000 8 0.860000
153 154 1.310000 8 0.860000
154 155 1.310000 8 0.860000
155 156 1.340000 2 0.610000
156 157 1.310000 8 0.860000
157 158 1.210000 3 0.680000
158 159 1.310000 8 0.860000
159 160 1.210000 3 0.680000
160 161 1.360000 4 0.720000
161 162 1.150000 6 0.780000
162 163 1.310000 8 0.860000
163 164 1.310000 8 0.860000
164 165 1.310000 8 0.860000
165 166 1.310000 8 0.860000
166 167 1.260000 2 0.650000
167 168 1.260000 2 0.650000
168 169 1.260000 2 0.650000
169 170 1.360000 4 0.720000
170 171 1.310000 8 0.860000
171 172 1.230000 3 0.610000
172 173 1.360000 4 0.720000
173 174 1.380000 5 0.630000
174 175 1.360000 4 0.720000
175 176 1.210000 3 0.680000
176 177 1.210000 3 0.680000
177 178 1.210000 3 0.680000
178 179 1.310000 8 0.860000
179 180 1.310000 8 0.860000
180 181 1.380000 5 0.630000
181 182 1.210000 3 0.670000
182 183 1.350000 2 0.640000
183 184 1.200000 2 0.690000
184 185 1.390000 5 0.660000
185 186 1.200000 2 0.690000
186 187 1.220000 3 0.690000
187 188 1.150000 8 0.770000
188 189 1.140000 8 0.800000
189 190 1.110000 7 0.600000
190 191 1.150000 8 0.770000
191 192 1.350000 2 0.640000
192 193 1.360000 4 0.820000
193 194 1.240000 2 0.840000
194 195 1.350000 2 0.640000
195 196 1.240000 2 0.840000
196 197 1.240000 2 0.780000
197 198 1.350000 2 0.640000
198 199 1.310000 2 0.710000
199 200 1.350000 2 0.640000
200 201 1.380000 8 0.710000
201 202 1.360000 4 0.820000
202 203 1.220000 3 0.690000
203 204 1.240000 2 0.840000
204 205 1.350000 2 0.640000
205 206 1.200000 2 0.690000
206 207 1.240000 2 0.840000
207 208 1.230000 3 0.800000
208 209 1.270000 5 0.850000
209 210 1.260000 8 0.760000
210 211 1.140000 8 0.800000
211 212 1.360000 4 0.720000
212 213 1.210000 3 0.680000
213 214 1.310000 8 0.860000
214 215 1.290000 5 0.680000
215 216 1.310000 8 0.860000
216 217 1.310000 8 0.860000
217 218 1.240000 2 0.840000
218 219 1.210000 3 0.680000
219 220 1.210000 3 0.680000
220 221 1.350000 7 0.690000
221 222 1.320000 5 0.600000
222 223 1.110000 4 0.610000
223 224 1.340000 2 0.610000
224 225 1.210000 3 0.680000
225 226 1.210000 3 0.680000
226 227 1.310000 8 0.860000
227 228 1.170000 6 0.700000
228 229 1.310000 2 0.640000
229 230 1.310000 2 0.640000
230 231 1.240000 2 0.840000
231 232 1.240000 2 0.840000
232 233 1.350000 2 0.840000
233 234 1.240000 2 0.840000
234 235 1.240000 2 0.840000
235 236 1.240000 2 0.840000
236 237 1.310000 8 0.860000
237 238 1.310000 8 0.860000
238 239 1.370000 2 0.760000
239 240 1.240000 6 0.670000
240 241 1.310000 8 0.860000
241 242 1.270000 7 0.680000
242 243 1.350000 2 0.640000
243 244 1.260000 2 0.650000
244 245 1.230000 8 0.740000
245 246 1.370000 5 0.880000
246 247 1.210000 3 0.680000
247 248 1.370000 5 0.880000
248 249 1.370000 5 0.880000
249 250 1.210000 3 0.680000
250 251 1.230000 3 0.880000
251 252 1.310000 8 0.860000
252 253 1.360000 4 0.720000
253 254 1.310000 8 0.860000
254 255 1.240000 2 0.840000
255 256 1.260000 2 0.650000
256 257 1.320000 3 0.620000
257 258 1.350000 2 0.640000
258 259 1.110000 2 0.730000
259 260 1.230000 3 0.610000
260 261 1.310000 8 0.860000
261 262 1.320000 3 0.620000
262 263 1.140000 5 0.760000
263 264 1.310000 8 0.860000
264 265 1.290000 5 0.680000
265 266 1.210000 3 0.680000
266 267 1.210000 3 0.680000
267 268 1.210000 3 0.670000
268 269 1.250000 5 0.880000
269 270 1.160000 6 0.660000
270 271 1.210000 3 0.680000
271 272 1.210000 3 0.680000
272 273 1.250000 5 0.880000
273 274 1.200000 2 0.690000
274 275 1.210000 3 0.680000
275 276 1.200000 2 0.690000
276 277 1.380000 5 0.630000
277 278 1.210000 3 0.680000
278 279 1.300000 4 0.860000
279 280 1.370000 5 0.880000
280 281 1.380000 5 0.630000
281 282 1.340000 4 0.740000
282 283 1.160000 6 0.660000
283 284 1.380000 5 0.630000
284 285 1.310000 8 0.860000
285 286 1.310000 8 0.860000
286 287 1.210000 3 0.680000
287 288 1.140000 8 0.890000
288 289 1.240000 2 0.840000
289 290 1.270000 8 0.730000
290 291 1.160000 6 0.660000
291 292 1.210000 3 0.680000
292 293 1.290000 2 0.790000
293 294 1.320000 5 0.600000
294 295 1.310000 8 0.860000
295 296 1.260000 2 0.650000
296 297 1.230000 3 0.880000
297 298 1.180000 6 0.680000
298 299 1.310000 8 0.860000
299 300 1.310000 8 0.860000
300 301 1.310000 8 0.860000
301 302 1.240000 2 0.840000
302 303 1.170000 4 0.670000
303 304 1.260000 2 0.650000
304 305 1.260000 2 0.650000
305 306 1.260000 2 0.650000
306 307 1.240000 2 0.840000
307 308 1.350000 2 0.640000
308 309 1.240000 2 0.840000
309 310 1.350000 2 0.640000
310 311 1.180000 7 0.760000
311 312 1.310000 8 0.860000
312 313 1.270000 7 0.680000
313 314 1.310000 8 0.860000
314 315 1.210000 3 0.680000
315 316 1.210000 3 0.680000
316 317 1.210000 3 0.680000
317 318 1.320000 5 0.600000
318 319 1.210000 3 0.680000
319 320 1.210000 3 0.680000
320 321 1.360000 4 0.720000
321 322 1.200000 2 0.690000
322 323 1.360000 4 0.720000
323 324 1.310000 8 0.860000
324 325 1.200000 2 0.690000
325 326 1.240000 6 0.670000
326 327 1.220000 3 0.690000
327 328 1.290000 5 0.680000
328 329 1.290000 5 0.680000
329 330 1.290000 5 0.680000
330 331 1.380000 5 0.630000
331 332 1.380000 5 0.630000
332 333 1.290000 5 0.680000
333 334 1.240000 2 0.840000
334 335 1.290000 5 0.680000
335 336 1.310000 8 0.860000
336 337 1.310000 8 0.860000
337 338 1.250000 8 0.890000
338 339 1.190000 2 0.660000
339 340 1.290000 5 0.680000
340 341 1.310000 8 0.860000
341 342 1.290000 5 0.680000
342 343 1.370000 5 0.880000
343 344 1.310000 8 0.860000
344 345 1.310000 8 0.860000
345 346 1.310000 8 0.860000
346 347 1.160000 5 0.720000
347 348 1.310000 8 0.860000
348 349 1.120000 4 0.840000
349 350 1.240000 2 0.840000
350 351 1.240000 2 0.840000
351 352 1.260000 2 0.650000
352 353 1.290000 5 0.680000
353 354 1.240000 2 0.840000
354 355 1.110000 6 0.680000
355 356 1.290000 5 0.680000
356 357 1.310000 8 0.860000
357 358 1.310000 8 0.860000
358 359 1.250000 7 0.740000
359 360 1.210000 3 0.680000
360 361 1.210000 3 0.680000
361 362 1.210000 3 0.680000
362 363 1.250000 8 0.890000
363 364 1.150000 6 0.870000
364 365 1.230000 3 0.880000
365 366 1.180000 7 0.760000
366 367 1.240000 2 0.840000
367 368 1.120000 2 0.680000
368 369 1.280000 8 0.630000
369 370 1.350000 2 0.640000
370 371 1.260000 2 0.650000
371 372 1.310000 8 0.860000
372 373 1.310000 8 0.860000
373 374 1.210000 3 0.680000
374 375 1.310000 8 0.860000
375 376 1.210000 3 0.680000
376 377 1.210000 3 0.680000
377 378 1.210000 3 0.680000
378 379 1.310000 8 0.860000
379 380 1.310000 8 0.860000
380 381 1.310000 8 0.860000
381 382 1.310000 8 0.860000
382 383 1.160000 4 0.800000
383 384 1.340000 4 0.740000
384 385 1.360000 4 0.820000
385 386 1.310000 8 0.860000
386 387 1.120000 8 0.840000
387 388 1.310000 8 0.860000
388 389 1.210000 3 0.730000
389 390 1.350000 2 0.640000
390 391 1.310000 8 0.860000
391 392 1.310000 8 0.860000
392 393 1.310000 8 0.860000
393 394 1.210000 3 0.680000
394 395 1.340000 2 0.610000
395 396 1.310000 8 0.860000
396 397 1.210000 3 0.670000
397 398 1.210000 3 0.680000
398 399 1.370000 5 0.880000
399 400 1.240000 2 0.840000
400 401 1.260000 2 0.650000
401 402 1.110000 4 0.840000
402 403 1.110000 2 0.730000
403 404 1.310000 8 0.860000
404 405 1.310000 8 0.860000
405 406 1.210000 3 0.680000
406 407 1.210000 3 0.680000
407 408 1.370000 5 0.880000
408 409 1.310000 8 0.860000
409 410 1.210000 3 0.680000
410 411 1.210000 3 0.680000
411 412 1.310000 8 0.860000
412 413 1.140000 5 0.720000
413 414 1.230000 8 0.740000
414 415 1.210000 3 0.680000
415 416 1.350000 6 0.870000
416 417 1.350000 2 0.640000
417 418 1.240000 2 0.870000
418 419 1.210000 3 0.680000
419 420 1.310000 8 0.860000
420 421 1.370000 5 0.880000
421 422 1.370000 5 0.880000
422 423 1.310000 8 0.860000
423 424 1.290000 5 0.680000
424 425 1.210000 3 0.680000
425 426 1.210000 3 0.680000
426 427 1.210000 3 0.680000
427 428 1.210000 3 0.680000
428 429 1.210000 3 0.680000
429 430 1.270000 4 0.600000
430 431 1.370000 5 0.880000
431 432 1.200000 2 0.690000
432 433 1.110000 2 0.730000
433 434 1.210000 3 0.680000
434 435 1.310000 8 0.860000
435 436 1.290000 5 0.680000
436 437 1.240000 5 0.620000
437 438 1.310000 8 0.860000
438 439 1.310000 8 0.860000
439 440 1.210000 3 0.680000
440 441 1.210000 3 0.680000
441 442 1.250000 7 0.740000
442 443 1.240000 2 0.840000
443 444 1.360000 4 0.720000
444 445 1.360000 4 0.720000
445 446 1.300000 4 0.860000
446 447 1.210000 3 0.680000
447 448 1.210000 3 0.680000
448 449 1.210000 3 0.680000
449 450 1.330000 3 0.670000
450 451 1.210000 3 0.680000
451 452 1.240000 5 0.620000
452 453 1.170000 5 0.690000
453 454 1.310000 8 0.860000
454 455 1.380000 5 0.630000
455 456 1.200000 2 0.690000
456 457 1.320000 5 0.600000
457 458 1.260000 2 0.880000
458 459 1.230000 3 0.610000
459 460 1.230000 3 0.610000
460 461 1.320000 3 0.620000
461 462 1.320000 7 0.790000
462 463 1.340000 4 0.740000
463 464 1.340000 4 0.740000
464 465 1.210000 3 0.680000
465 466 1.370000 5 0.880000
466 467 1.370000 5 0.880000
467 468 1.310000 8 0.860000
468 469 1.350000 5 0.710000
469 470 1.320000 7 0.790000
470 471 1.360000 4 0.820000
471 472 1.310000 8 0.860000
472 473 1.360000 4 0.720000
473 474 1.210000 3 0.680000
474 475 1.210000 3 0.680000
475 476 1.370000 5 0.880000
476 477 1.210000 3 0.680000
477 478 1.210000 4 0.770000
478 479 1.360000 5 0.780000
479 480 1.340000 2 0.610000
480 481 1.100000 5 0.760000
481 482 1.160000 6 0.660000
482 483 1.350000 3 0.700000
483 484 1.230000 3 0.610000
484 485 1.310000 8 0.860000
485 486 1.310000 8 0.860000
486 487 1.210000 3 0.680000
487 488 1.310000 8 0.860000
488 489 1.310000 8 0.860000
489 490 1.210000 3 0.680000
490 491 1.250000 7 0.740000
491 492 1.350000 2 0.640000
492 493 1.270000 7 0.680000
493 494 1.310000 8 0.860000
494 495 1.310000 8 0.860000
495 496 1.260000 7 0.620000
496 497 1.230000 3 0.610000
497 498 1.200000 2 0.690000
498 499 1.200000 2 0.690000
499 500 1.250000 8 0.890000
500 501 1.290000 5 0.680000
501 502 1.290000 5 0.680000
502 503 1.360000 5 0.780000
503 504 1.310000 8 0.860000
504 505 1.220000 3 0.710000
505 506 1.100000 5 0.760000
506 507 1.370000 5 0.880000
507 508 1.310000 8 0.860000
508 509 1.310000 8 0.860000
509 510 1.290000 5 0.680000
510 511 1.270000 7 0.680000
511 512 1.290000 5 0.680000
512 513 1.290000 5 0.680000
513 514 1.320000 3 0.620000
514 515 1.310000 8 0.860000
515 516 1.310000 8 0.860000
516 517 1.340000 2 0.610000
517 518 1.230000 3 0.880000
518 519 1.210000 3 0.680000
519 520 1.160000 4 0.640000
520 521 1.320000 5 0.600000
521 522 1.230000 3 0.880000
522 523 1.110000 6 0.680000
523 524 1.310000 8 0.860000
524 525 1.260000 2 0.650000
525 526 1.210000 3 0.680000
526 527 1.210000 3 0.680000
527 528 1.310000 8 0.860000
528 529 1.340000 2 0.610000
529 530 1.310000 8 0.860000
530 531 1.220000 5 0.810000
531 532 1.260000 2 0.650000
532 533 1.340000 2 0.610000
533 534 1.310000 8 0.860000
534 535 1.260000 2 0.650000
535 536 1.310000 8 0.860000
536 537 1.310000 8 0.860000
537 538 1.240000 2 0.840000
538 539 1.290000 5 0.680000
539 540 1.340000 5 0.660000
540 541 1.310000 8 0.860000
541 542 1.240000 2 0.840000
542 543 1.340000 2 0.610000
543 544 1.240000 2 0.840000
544 545 1.310000 8 0.860000
545 546 1.310000 8 0.860000
546 547 1.210000 3 0.680000
547 548 1.210000 3 0.680000
548 549 1.310000 8 0.860000
549 550 1.290000 5 0.680000
550 551 1.210000 3 0.680000
551 552 1.210000 3 0.680000
552 553 1.210000 3 0.670000
553 554 1.290000 5 0.680000
554 555 1.210000 3 0.680000
555 556 1.210000 3 0.680000
556 557 1.210000 3 0.680000
557 558 1.210000 3 0.680000
558 559 1.210000 3 0.680000
559 560 1.210000 3 0.680000
560 561 1.210000 3 0.680000
561 562 1.160000 5 0.720000
562 563 1.210000 3 0.680000
563 564 1.210000 3 0.680000
564 565 1.210000 3 0.680000
565 566 1.210000 3 0.680000
566 567 1.290000 5 0.680000
567 568 1.240000 2 0.780000
568 569 1.360000 4 0.820000
569 570 1.290000 5 0.680000
570 571 1.200000 2 0.690000
571 572 1.210000 3 0.680000
572 573 1.290000 5 0.680000
573 574 1.210000 3 0.680000
574 575 1.210000 3 0.680000
575 576 1.290000 2 0.790000
576 577 1.350000 2 0.640000
577 578 1.390000 7 0.740000
578 579 1.210000 3 0.680000
579 580 1.240000 2 0.780000
580 581 1.350000 2 0.640000
581 582 1.350000 2 0.840000
582 583 1.210000 3 0.680000
583 584 1.210000 3 0.680000
584 585 1.210000 3 0.680000
585 586 1.210000 3 0.680000
586 587 1.210000 3 0.680000
587 588 1.210000 3 0.680000
588 589 1.350000 2 0.640000
589 590 1.290000 2 0.790000
590 591 1.210000 3 0.680000
591 592 1.210000 3 0.680000
592 593 1.210000 3 0.680000
593 594 1.260000 2 0.650000
594 595 1.350000 2 0.640000
595 596 1.250000 8 0.830000
596 597 1.240000 2 0.840000
597 598 1.260000 2 0.650000
598 599 1.360000 5 0.620000
599 600 1.240000 2 0.840000
600 601 1.240000 2 0.840000
601 602 1.350000 7 0.690000
602 603 1.240000 2 0.840000
603 604 1.240000 2 0.840000
604 605 1.260000 2 0.650000
605 606 1.120000 8 0.710000
606 607 1.150000 2 0.830000
607 608 1.250000 7 0.740000
608 609 1.350000 2 0.640000
609 610 1.240000 2 0.840000
610 611 1.240000 2 0.840000
611 612 1.350000 7 0.690000
612 613 1.250000 7 0.740000
613 614 1.210000 3 0.670000
614 615 1.340000 6 0.650000
615 616 1.340000 6 0.650000
616 617 1.310000 8 0.860000
617 618 1.310000 8 0.860000
618 619 1.310000 8 0.860000
619 620 1.290000 5 0.680000
620 621 1.210000 3 0.680000
621 622 1.250000 7 0.740000
622 623 1.200000 2 0.690000
623 624 1.210000 3 0.680000
624 625 1.210000 3 0.680000
625 626 1.200000 2 0.690000
626 627 1.200000 2 0.690000
627 628 1.210000 3 0.680000
628 629 1.210000 3 0.680000
629 630 1.210000 3 0.680000
630 631 1.210000 3 0.680000
631 632 1.210000 3 0.680000
632 633 1.310000 8 0.860000
633 634 1.210000 3 0.680000
634 635 1.210000 3 0.680000
635 636 1.210000 3 0.680000
636 637 1.210000 3 0.680000
637 638 1.270000 7 0.680000
638 639 1.270000 7 0.680000
639 640 1.210000 3 0.680000
640 641 1.210000 3 0.680000
641 642 1.210000 3 0.680000
642 643 1.270000 7 0.680000
643 644 1.270000 7 0.680000
644 645 1.210000 3 0.680000
645 646 1.210000 3 0.680000
646 647 1.210000 3 0.680000
647 648 1.210000 3 0.680000
648 649 1.210000 3 0.680000
649 650 1.210000 3 0.680000
650 651 1.210000 3 0.680000
651 652 1.210000 3 0.680000
652 653 1.210000 3 0.680000
653 654 1.210000 3 0.680000
654 655 1.240000 5 0.620000
655 656 1.210000 3 0.680000
656 657 1.250000 7 0.740000
657 658 1.240000 6 0.670000
658 659 1.240000 6 0.670000
659 660 1.210000 3 0.680000
660 661 1.210000 3 0.680000
661 662 1.210000 3 0.680000
662 663 1.260000 2 0.650000
663 664 1.210000 3 0.680000
664 665 1.330000 4 0.820000
665 666 1.240000 2 0.840000
666 667 1.330000 7 0.820000
667 668 1.220000 6 0.680000
668 669 1.210000 3 0.680000
669 670 1.210000 3 0.680000
670 671 1.200000 2 0.690000
671 672 1.210000 3 0.680000
672 673 1.210000 3 0.680000
673 674 1.210000 3 0.680000
674 675 1.210000 3 0.680000
675 676 1.210000 3 0.680000
676 677 1.210000 3 0.680000
677 678 1.210000 3 0.680000
678 679 1.240000 6 0.670000
679 680 1.210000 3 0.680000
680 681 1.250000 5 0.880000
681 682 1.200000 2 0.690000
682 683 1.210000 3 0.680000
683 684 1.210000 3 0.680000
684 685 1.210000 3 0.680000
685 686 1.350000 7 0.890000
686 687 1.200000 2 0.690000
687 688 1.310000 8 0.860000
688 689 1.210000 3 0.680000
689 690 1.210000 3 0.680000
690 691 1.210000 3 0.680000
691 692 1.210000 3 0.680000
692 693 1.210000 3 0.680000
693 694 1.210000 3 0.680000
694 695 1.210000 3 0.680000
695 696 1.210000 3 0.680000
696 697 1.210000 3 0.680000
697 698 1.210000 3 0.680000
698 699 1.210000 3 0.680000
699 700 1.210000 3 0.680000
700 701 1.210000 3 0.680000
701 702 1.210000 3 0.680000
702 703 1.210000 3 0.680000
703 704 1.210000 3 0.680000
704 705 1.210000 3 0.680000
705 706 1.380000 5 0.630000
706 707 1.210000 3 0.680000
707 708 1.310000 8 0.860000
708 709 1.360000 4 0.820000
709 710 1.250000 8 0.830000
710 711 1.310000 7 0.640000
711 712 1.350000 2 0.640000
712 713 1.110000 2 0.730000
713 714 1.180000 3 0.710000
714 715 1.350000 2 0.640000
715 716 1.240000 2 0.840000
716 717 1.260000 2 0.650000
717 718 1.210000 3 0.680000
718 719 1.200000 2 0.690000
719 720 1.210000 3 0.680000
720 721 1.210000 3 0.680000
721 722 1.210000 3 0.680000
722 723 1.210000 3 0.680000
723 724 1.210000 3 0.680000
724 725 1.350000 2 0.640000
725 726 1.240000 5 0.620000
726 727 1.240000 6 0.670000
727 728 1.250000 8 0.830000
728 729 1.210000 3 0.680000
729 730 1.210000 3 0.680000
730 731 1.210000 3 0.680000
731 732 1.210000 3 0.680000
732 733 1.210000 3 0.680000
733 734 1.210000 3 0.680000
734 735 1.210000 3 0.680000
735 736 1.210000 3 0.680000
736 737 1.270000 7 0.680000
737 738 1.270000 7 0.680000
738 739 1.210000 3 0.680000
739 740 1.210000 3 0.680000
740 741 1.350000 2 0.640000
741 742 1.110000 6 0.680000
742 743 1.210000 3 0.680000
743 744 1.310000 8 0.860000
744 745 1.360000 4 0.720000
745 746 1.210000 3 0.680000
746 747 1.240000 2 0.840000
747 748 1.250000 8 0.830000
748 749 1.350000 2 0.640000
749 750 1.260000 2 0.650000
750 751 1.350000 2 0.640000
751 752 1.350000 2 0.640000
752 753 1.350000 2 0.640000
753 754 1.240000 2 0.840000
754 755 1.290000 5 0.680000
755 756 1.250000 8 0.830000
756 757 1.160000 4 0.640000
757 758 1.210000 3 0.680000
758 759 1.210000 3 0.680000
759 760 1.210000 3 0.680000
760 761 1.210000 3 0.680000
761 762 1.210000 3 0.680000
762 763 1.160000 5 0.720000
763 764 1.210000 3 0.680000
764 765 1.310000 8 0.860000
765 766 1.210000 3 0.680000
766 767 1.210000 3 0.680000
767 768 1.210000 3 0.680000
768 769 1.210000 3 0.680000
769 770 1.210000 3 0.680000
770 771 1.210000 3 0.680000
771 772 1.210000 3 0.680000
772 773 1.210000 3 0.680000
773 774 1.210000 3 0.680000
774 775 1.210000 3 0.680000
775 776 1.390000 7 0.740000
776 777 1.350000 2 0.630000
777 778 1.250000 8 0.830000
778 779 1.200000 2 0.690000
779 780 1.210000 3 0.680000
780 781 1.200000 2 0.690000
781 782 1.240000 6 0.670000
782 783 1.210000 3 0.680000
783 784 1.210000 3 0.680000
784 785 1.210000 3 0.680000
785 786 1.210000 3 0.680000
786 787 1.210000 3 0.680000
787 788 1.210000 3 0.680000
788 789 1.210000 3 0.680000
789 790 1.210000 3 0.680000
790 791 1.210000 3 0.680000
791 792 1.210000 3 0.680000
792 793 1.350000 5 0.600000
793 794 1.310000 8 0.860000
794 795 1.240000 2 0.840000
795 796 1.210000 3 0.680000
796 797 1.210000 3 0.680000
797 798 1.210000 3 0.680000
798 799 1.210000 3 0.680000
799 800 1.210000 3 0.680000
800 801 1.210000 3 0.680000
801 802 1.210000 3 0.680000
802 803 1.210000 3 0.680000
803 804 1.290000 5 0.680000
804 805 1.260000 2 0.650000
805 806 1.250000 8 0.830000
806 807 1.290000 5 0.680000
807 808 1.210000 3 0.680000
808 809 1.210000 3 0.680000
809 810 1.310000 8 0.860000
810 811 1.330000 7 0.820000
811 812 1.240000 2 0.840000
812 813 1.240000 2 0.840000
813 814 1.310000 8 0.860000
814 815 1.350000 2 0.640000
815 816 1.310000 8 0.860000
816 817 1.310000 8 0.860000
817 818 1.290000 5 0.680000
818 819 1.310000 8 0.860000
819 820 1.210000 3 0.680000
820 821 1.210000 3 0.680000
821 822 1.210000 3 0.680000
822 823 1.210000 3 0.680000
823 824 1.210000 3 0.680000
824 825 1.210000 3 0.680000
825 826 1.210000 3 0.680000
826 827 1.210000 3 0.680000
827 828 1.210000 3 0.680000
828 829 1.210000 3 0.680000
829 830 1.140000 4 0.800000
830 831 1.210000 3 0.680000
831 832 1.230000 8 0.710000
832 833 1.210000 3 0.680000
833 834 1.210000 3 0.680000
834 835 1.210000 3 0.680000
835 836 1.210000 3 0.680000
836 837 1.210000 3 0.680000
837 838 1.210000 3 0.680000
838 839 1.210000 3 0.680000
839 840 1.210000 3 0.680000
840 841 1.190000 7 0.780000
841 842 1.210000 3 0.680000
842 843 1.210000 3 0.680000
843 844 1.210000 3 0.680000
844 845 1.210000 3 0.680000
845 846 1.210000 3 0.680000
846 847 1.210000 3 0.680000
847 848 1.210000 3 0.680000
848 849 1.210000 3 0.680000
849 850 1.210000 3 0.680000
850 851 1.210000 3 0.680000
851 852 1.210000 3 0.680000
852 853 1.210000 3 0.680000
853 854 1.210000 3 0.680000
854 855 1.210000 3 0.680000
855 856 1.210000 3 0.680000
856 857 1.210000 3 0.680000
857 858 1.360000 4 0.720000
858 859 1.170000 7 0.630000
859 860 1.350000 2 0.630000
860 861 1.130000 4 0.770000
861 862 1.210000 3 0.680000
862 863 1.330000 4 0.820000
863 864 1.210000 3 0.680000
864 865 1.290000 5 0.680000
865 866 1.310000 8 0.860000
866 867 1.340000 2 0.610000
867 868 1.360000 5 0.620000
868 869 1.320000 3 0.790000
869 870 1.210000 3 0.680000
870 871 1.240000 2 0.840000
871 872 1.350000 2 0.640000
872 873 1.320000 5 0.600000
873 874 1.320000 5 0.600000
874 875 1.370000 6 0.860000
875 876 1.350000 2 0.840000
876 877 1.260000 2 0.650000
877 878 1.260000 2 0.650000
878 879 1.210000 3 0.680000
879 880 1.250000 8 0.830000
880 881 1.310000 8 0.860000
881 882 1.310000 8 0.860000
882 883 1.210000 3 0.680000
883 884 1.260000 2 0.650000
884 885 1.350000 2 0.640000
885 886 1.250000 8 0.830000
886 887 1.250000 8 0.830000
887 888 1.230000 8 0.740000
888 889 1.210000 3 0.680000
889 890 1.250000 8 0.830000
890 891 1.350000 2 0.640000
891 892 1.210000 3 0.680000
892 893 1.230000 8 0.740000
893 894 1.160000 4 0.640000
894 895 1.240000 2 0.840000
895 896 1.200000 2 0.690000
896 897 1.260000 2 0.650000
897 898 1.310000 8 0.860000
898 899 1.340000 2 0.610000
899 900 1.240000 2 0.840000
900 901 1.240000 2 0.840000
901 902 1.350000 6 0.870000
902 903 1.250000 8 0.830000
903 904 1.250000 8 0.830000
904 905 1.320000 5 0.600000
905 906 1.310000 8 0.860000
906 907 1.240000 2 0.840000
907 908 1.240000 2 0.840000
908 909 1.240000 2 0.840000
909 910 1.320000 7 0.790000
910 911 1.350000 2 0.870000
911 912 1.350000 2 0.870000
912 913 1.250000 8 0.830000
913 914 1.310000 2 0.630000
914 915 1.230000 6 0.700000
915 916 1.180000 7 0.760000
916 917 1.280000 2 0.730000
917 918 1.220000 5 0.810000
918 919 1.110000 7 0.720000
919 920 1.340000 2 0.610000
920 921 1.330000 7 0.820000
921 922 1.330000 4 0.820000
922 923 1.290000 2 0.790000
923 924 1.330000 4 0.820000
924 925 1.240000 2 0.840000
925 926 1.220000 6 0.680000
926 927 1.340000 5 0.660000
927 928 1.380000 4 0.620000
928 929 1.390000 7 0.740000
929 930 1.350000 2 0.640000
930 931 1.240000 2 0.840000
931 932 1.240000 2 0.840000
932 933 1.350000 2 0.640000
933 934 1.240000 2 0.840000
934 935 1.240000 2 0.840000
935 936 1.240000 2 0.840000
936 937 1.250000 8 0.830000
937 938 1.180000 8 0.880000
938 939 1.340000 2 0.610000
939 940 1.290000 5 0.680000
940 941 1.290000 4 0.890000
941 942 1.240000 2 0.840000
942 943 1.210000 3 0.680000
943 944 1.280000 2 0.730000
944 945 1.290000 5 0.680000
945 946 1.290000 5 0.680000
946 947 1.300000 5 0.660000
947 948 1.210000 3 0.680000
948 949 1.310000 8 0.860000
949 950 1.210000 3 0.680000
950 951 1.140000 4 0.800000
951 952 1.390000 7 0.740000
952 953 1.390000 7 0.740000
953 954 1.360000 4 0.720000
954 955 1.210000 3 0.680000
955 956 1.210000 3 0.680000
956 957 1.250000 7 0.740000
957 958 1.240000 6 0.670000
958 959 1.200000 2 0.690000
959 960 1.210000 3 0.680000
960 961 1.210000 3 0.680000
961 962 1.210000 3 0.680000
962 963 1.210000 3 0.680000
963 964 1.210000 3 0.680000
964 965 1.210000 3 0.680000
965 966 1.210000 3 0.680000
966 967 1.210000 3 0.680000
967 968 1.210000 3 0.680000
968 969 1.320000 5 0.600000
969 970 1.240000 3 0.830000
970 971 1.210000 3 0.680000
971 972 1.210000 3 0.680000
972 973 1.340000 2 0.610000
973 974 1.260000 2 0.650000
974 975 1.210000 3 0.680000
975 976 1.300000 6 0.830000
976 977 1.210000 3 0.680000
977 978 1.210000 3 0.680000
978 979 1.210000 3 0.680000
979 980 1.210000 3 0.680000
980 981 1.210000 3 0.680000
981 982 1.210000 3 0.680000
982 983 1.210000 3 0.680000
983 984 1.320000 5 0.600000
984 985 1.210000 3 0.680000
985 986 1.210000 3 0.680000
986 987 1.310000 8 0.860000
987 988 1.210000 3 0.680000
988 989 1.210000 3 0.680000
989 990 1.210000 3 0.680000
990 991 1.210000 3 0.680000
991 992 1.210000 3 0.680000
992 993 1.210000 3 0.680000
993 994 1.210000 3 0.680000
994 995 1.210000 3 0.680000
995 996 1.210000 3 0.680000
996 997 1.210000 3 0.680000
997 998 1.210000 3 0.680000
998 999 1.210000 3 0.680000
999 1000 1.210000 3 0.680000
1000 1001 1.210000 3 0.680000
1001 1002 1.210000 3 0.680000
1002 1003 1.210000 3 0.680000
1003 1004 1.210000 3 0.680000
1004 1005 1.190000 7 0.780000
1005 1006 1.210000 3 0.680000
1006 1007 1.210000 3 0.680000
1007 1008 1.190000 7 0.780000
1008 1009 1.210000 3 0.680000
1009 1010 1.210000 3 0.680000
1010 1011 1.210000 3 0.680000
1011 1012 1.350000 5 0.600000
1012 1013 1.350000 5 0.600000
1013 1014 1.260000 2 0.650000
1014 1015 1.310000 8 0.860000
1015 1016 1.210000 3 0.680000
1016 1017 1.330000 4 0.820000
1017 1018 1.340000 2 0.610000
1018 1019 1.210000 3 0.680000
1019 1020 1.210000 3 0.680000
1020 1021 1.210000 3 0.680000
1021 1022 1.210000 3 0.680000
1022 1023 1.210000 3 0.680000
1023 1024 1.210000 3 0.680000
1024 1025 1.210000 3 0.680000
1025 1026 1.210000 3 0.680000
1026 1027 1.210000 3 0.680000
1027 1028 1.200000 8 0.620000
1028 1029 1.210000 3 0.680000
1029 1030 1.210000 3 0.680000
1030 1031 1.150000 6 0.870000
1031 1032 1.260000 2 0.650000
1032 1033 1.250000 8 0.830000
1033 1034 1.210000 3 0.680000
1034 1035 1.210000 3 0.680000
1035 1036 1.200000 2 0.690000
1036 1037 1.200000 2 0.690000
1037 1038 1.210000 3 0.680000
1038 1039 1.210000 3 0.680000
1039 1040 1.210000 3 0.680000
1040 1041 1.210000 3 0.680000
1041 1042 1.210000 3 0.680000
1042 1043 1.210000 3 0.680000
1043 1044 1.210000 3 0.680000
1044 1045 1.210000 3 0.680000
1045 1046 1.210000 3 0.680000
1046 1047 1.210000 3 0.680000
1047 1048 1.210000 3 0.680000
1048 1049 1.190000 4 0.700000
1049 1050 1.290000 5 0.680000
1050 1051 1.110000 6 0.680000
1051 1052 1.260000 2 0.650000
1052 1053 1.260000 2 0.650000
1053 1054 1.380000 5 0.630000
1054 1055 1.360000 4 0.720000
1055 1056 1.240000 2 0.840000
1056 1057 1.240000 2 0.840000
1057 1058 1.290000 5 0.680000
1058 1059 1.210000 3 0.680000
1059 1060 1.210000 3 0.680000
1060 1061 1.200000 2 0.690000
1061 1062 1.210000 3 0.680000
1062 1063 1.360000 4 0.720000
1063 1064 1.360000 4 0.720000
1064 1065 1.360000 4 0.720000
1065 1066 1.210000 3 0.680000
1066 1067 1.210000 3 0.680000
1067 1068 1.210000 3 0.680000
1068 1069 1.200000 2 0.690000
1069 1070 1.210000 3 0.680000
1070 1071 1.210000 3 0.680000
1071 1072 1.210000 3 0.680000
1072 1073 1.210000 3 0.680000
1073 1074 1.210000 3 0.680000
1074 1075 1.210000 3 0.680000
1075 1076 1.210000 3 0.680000
1076 1077 1.210000 3 0.680000
1077 1078 1.210000 3 0.680000
1078 1079 1.210000 3 0.680000
1079 1080 1.210000 3 0.680000
1080 1081 1.240000 5 0.620000
1081 1082 1.140000 4 0.800000
1082 1083 1.360000 4 0.720000
1083 1084 1.210000 3 0.680000
1084 1085 1.310000 8 0.860000
1085 1086 1.210000 3 0.680000
1086 1087 1.270000 7 0.680000
1087 1088 1.110000 5 0.670000
1088 1089 1.210000 3 0.680000
1089 1090 1.210000 3 0.680000
1090 1091 1.140000 4 0.800000
1091 1092 1.340000 5 0.660000
1092 1093 1.150000 8 0.770000
1093 1094 1.210000 3 0.670000
1094 1095 1.140000 8 0.800000
1095 1096 1.140000 8 0.800000
1096 1097 1.210000 3 0.680000
1097 1098 1.210000 3 0.680000
1098 1099 1.160000 5 0.720000
1099 1100 1.160000 5 0.720000
1100 1101 1.210000 3 0.680000
1101 1102 1.210000 3 0.680000
1102 1103 1.320000 4 0.820000
1103 1104 1.260000 2 0.650000
1104 1105 1.230000 3 0.880000
1105 1106 1.190000 5 0.640000
1106 1107 1.320000 7 0.790000
1107 1108 1.240000 2 0.840000
1108 1109 1.230000 8 0.740000
1109 1110 1.390000 5 0.660000
1110 1111 1.310000 8 0.860000
1111 1112 1.210000 3 0.680000
1112 1113 1.260000 2 0.650000
1113 1114 1.120000 4 0.840000
1114 1115 1.240000 2 0.840000
1115 1116 1.240000 2 0.840000
1116 1117 1.350000 2 0.840000
1117 1118 1.240000 2 0.840000
1118 1119 1.350000 2 0.640000
1119 1120 1.360000 4 0.820000
1120 1121 1.240000 2 0.840000
1121 1122 1.240000 2 0.840000
1122 1123 1.220000 3 0.690000
1123 1124 1.210000 3 0.680000
1124 1125 1.210000 3 0.680000
1125 1126 1.210000 3 0.680000
1126 1127 1.310000 8 0.860000
1127 1128 1.340000 2 0.610000
1128 1129 1.210000 3 0.680000
1129 1130 1.340000 2 0.610000
1130 1131 1.330000 4 0.820000
1131 1132 1.240000 2 0.840000
1132 1133 1.240000 2 0.840000
1133 1134 1.340000 8 0.660000
1134 1135 1.310000 8 0.860000
1135 1136 1.210000 3 0.680000
1136 1137 1.210000 3 0.680000
1137 1138 1.210000 3 0.680000
1138 1139 1.210000 3 0.680000
1139 1140 1.200000 2 0.690000
1140 1141 1.210000 3 0.680000
1141 1142 1.210000 3 0.680000
1142 1143 1.210000 3 0.680000
1143 1144 1.210000 3 0.680000
1144 1145 1.210000 3 0.680000
1145 1146 1.210000 3 0.680000
1146 1147 1.310000 2 0.640000
1147 1148 1.260000 4 0.660000
1148 1149 1.350000 2 0.640000
1149 1150 1.210000 3 0.680000
1150 1151 1.350000 2 0.630000
1151 1152 1.230000 6 0.700000
1152 1153 1.240000 2 0.840000
1153 1154 1.200000 2 0.690000
1154 1155 1.310000 8 0.860000
1155 1156 1.110000 3 0.730000
1156 1157 1.210000 3 0.680000
1157 1158 1.340000 2 0.610000
1158 1159 1.210000 3 0.680000
1159 1160 1.250000 8 0.830000
1160 1161 1.360000 4 0.720000
1161 1162 1.210000 3 0.680000
1162 1163 1.280000 2 0.840000
1163 1164 1.260000 2 0.650000
1164 1165 1.260000 2 0.650000
1165 1166 1.100000 3 0.850000
1166 1167 1.240000 2 0.840000
1167 1168 1.350000 2 0.630000
1168 1169 1.210000 3 0.680000
1169 1170 1.140000 4 0.800000
1170 1171 1.200000 2 0.690000
1171 1172 1.210000 3 0.680000
1172 1173 1.210000 3 0.680000
1173 1174 1.200000 2 0.690000
1174 1175 1.170000 5 0.690000
1175 1176 1.210000 3 0.680000
1176 1177 1.310000 8 0.860000
1177 1178 1.210000 3 0.680000
1178 1179 1.210000 3 0.680000
1179 1180 1.120000 2 0.640000
1180 1181 1.210000 3 0.680000
1181 1182 1.210000 3 0.680000
1182 1183 1.210000 3 0.680000
1183 1184 1.210000 3 0.680000
1184 1185 1.210000 3 0.680000
1185 1186 1.210000 3 0.680000
1186 1187 1.210000 3 0.680000
1187 1188 1.210000 3 0.680000
1188 1189 1.210000 3 0.680000
1189 1190 1.210000 3 0.680000
1190 1191 1.210000 3 0.680000
1191 1192 1.210000 3 0.680000
1192 1193 1.210000 3 0.680000
1193 1194 1.210000 3 0.680000
1194 1195 1.210000 3 0.680000
1195 1196 1.210000 3 0.680000
1196 1197 1.210000 3 0.680000
1197 1198 1.210000 3 0.680000
1198 1199 1.210000 3 0.680000
1199 1200 1.210000 3 0.680000
1200 1201 1.360000 4 0.820000
1201 1202 1.360000 4 0.720000
1202 1203 1.360000 4 0.720000
1203 1204 1.210000 3 0.680000
1204 1205 1.210000 3 0.680000
1205 1206 1.210000 3 0.680000
1206 1207 1.210000 3 0.680000
1207 1208 1.210000 3 0.680000
1208 1209 1.210000 3 0.680000
1209 1210 1.210000 3 0.680000
1210 1211 1.210000 3 0.680000
1211 1212 1.210000 3 0.680000
1212 1213 1.210000 3 0.680000
1213 1214 1.210000 3 0.680000
1214 1215 1.210000 3 0.680000
1215 1216 1.210000 3 0.680000
1216 1217 1.250000 8 0.830000
1217 1218 1.310000 8 0.860000
1218 1219 1.290000 5 0.680000
1219 1220 1.210000 3 0.680000
1220 1221 1.240000 5 0.620000
1221 1222 1.210000 3 0.680000
1222 1223 1.200000 2 0.690000
1223 1224 1.210000 3 0.670000
1224 1225 1.210000 3 0.680000
1225 1226 1.210000 3 0.680000
1226 1227 1.210000 3 0.680000
1227 1228 1.210000 3 0.680000
1228 1229 1.210000 3 0.680000
1229 1230 1.210000 3 0.680000
1230 1231 1.210000 3 0.680000
1231 1232 1.210000 3 0.680000
1232 1233 1.210000 3 0.680000
1233 1234 1.210000 3 0.680000
1234 1235 1.210000 3 0.680000
1235 1236 1.210000 3 0.680000
1236 1237 1.210000 3 0.680000
1237 1238 1.210000 3 0.680000
1238 1239 1.210000 3 0.680000
1239 1240 1.210000 3 0.680000
1240 1241 1.210000 3 0.680000
1241 1242 1.330000 4 0.820000
1242 1243 1.210000 3 0.680000
1243 1244 1.210000 3 0.680000
1244 1245 1.210000 3 0.680000
1245 1246 1.210000 3 0.680000
1246 1247 1.210000 3 0.680000
1247 1248 1.290000 5 0.680000
1248 1249 1.140000 4 0.800000
1249 1250 1.140000 4 0.800000
1250 1251 1.310000 8 0.860000
1251 1252 1.210000 3 0.680000
1252 1253 1.110000 2 0.730000
1253 1254 1.260000 4 0.660000
1254 1255 1.350000 2 0.640000
1255 1256 1.350000 2 0.640000
1256 1257 1.350000 2 0.640000
1257 1258 1.340000 2 0.610000
1258 1259 1.250000 8 0.830000
1259 1260 1.220000 3 0.690000
1260 1261 1.240000 2 0.840000
1261 1262 1.210000 3 0.680000
1262 1263 1.210000 3 0.680000
1263 1264 1.210000 3 0.680000
1264 1265 1.290000 5 0.680000
1265 1266 1.210000 3 0.680000
1266 1267 1.210000 3 0.680000
1267 1268 1.210000 3 0.680000
1268 1269 1.210000 3 0.680000
1269 1270 1.210000 3 0.680000
1270 1271 1.140000 4 0.800000
1271 1272 1.250000 7 0.640000
1272 1273 1.250000 8 0.890000
1273 1274 1.210000 3 0.680000
1274 1275 1.210000 3 0.680000
1275 1276 1.210000 3 0.680000
1276 1277 1.210000 3 0.680000
1277 1278 1.210000 3 0.680000
1278 1279 1.200000 2 0.690000
1279 1280 1.200000 2 0.690000
1280 1281 1.200000 2 0.690000
1281 1282 1.210000 3 0.680000
1282 1283 1.210000 3 0.680000
1283 1284 1.210000 3 0.680000
1284 1285 1.210000 3 0.680000
1285 1286 1.210000 3 0.680000
1286 1287 1.210000 3 0.680000
1287 1288 1.310000 8 0.860000
1288 1289 1.310000 8 0.860000
1289 1290 1.200000 2 0.690000
1290 1291 1.140000 4 0.800000
1291 1292 1.200000 2 0.690000
1292 1293 1.210000 3 0.680000
1293 1294 1.210000 3 0.680000
1294 1295 1.210000 3 0.680000
1295 1296 1.210000 3 0.680000
1296 1297 1.210000 3 0.680000
1297 1298 1.360000 4 0.720000
1298 1299 1.210000 3 0.680000
1299 1300 1.210000 3 0.680000
1300 1301 1.210000 3 0.680000
1301 1302 1.210000 3 0.680000
1302 1303 1.210000 3 0.680000
1303 1304 1.240000 5 0.620000
1304 1305 1.210000 3 0.680000
1305 1306 1.210000 3 0.680000
1306 1307 1.210000 3 0.680000
1307 1308 1.210000 3 0.680000
1308 1309 1.210000 3 0.680000
1309 1310 1.210000 3 0.680000
1310 1311 1.210000 3 0.680000
1311 1312 1.210000 3 0.680000
1312 1313 1.210000 3 0.680000
1313 1314 1.210000 3 0.680000
1314 1315 1.210000 3 0.680000
1315 1316 1.210000 3 0.680000
1316 1317 1.210000 3 0.680000
1317 1318 1.210000 3 0.680000
1318 1319 1.210000 3 0.680000
1319 1320 1.200000 2 0.690000
1320 1321 1.200000 2 0.690000
1321 1322 1.210000 3 0.680000
1322 1323 1.210000 3 0.680000
1323 1324 1.210000 3 0.680000
1324 1325 1.210000 3 0.680000
1325 1326 1.210000 3 0.680000
1326 1327 1.210000 3 0.680000
1327 1328 1.210000 3 0.680000
1328 1329 1.210000 3 0.680000
1329 1330 1.210000 3 0.680000
1330 1331 1.210000 3 0.680000
1331 1332 1.210000 3 0.680000
1332 1333 1.210000 3 0.680000
1333 1334 1.210000 3 0.680000
1334 1335 1.200000 2 0.690000
1335 1336 1.210000 3 0.680000
1336 1337 1.210000 3 0.680000
1337 1338 1.210000 3 0.680000
1338 1339 1.210000 3 0.680000
1339 1340 1.210000 3 0.680000
1340 1341 1.210000 3 0.680000
1341 1342 1.210000 3 0.680000
1342 1343 1.210000 3 0.680000
1343 1344 1.360000 4 0.720000
1344 1345 1.290000 2 0.790000
1345 1346 1.190000 5 0.640000
1346 1347 1.210000 3 0.680000
1347 1348 1.280000 2 0.730000
1348 1349 1.210000 3 0.680000
1349 1350 1.210000 3 0.680000
1350 1351 1.210000 3 0.680000
1351 1352 1.210000 3 0.680000
1352 1353 1.210000 3 0.680000
1353 1354 1.210000 3 0.680000
1354 1355 1.210000 3 0.680000
1355 1356 1.210000 3 0.680000
1356 1357 1.210000 3 0.680000
1357 1358 1.210000 3 0.680000
1358 1359 1.210000 3 0.680000
1359 1360 1.210000 3 0.680000
1360 1361 1.210000 3 0.680000
1361 1362 1.210000 3 0.680000
1362 1363 1.210000 3 0.680000
1363 1364 1.210000 3 0.680000
1364 1365 1.210000 3 0.680000
1365 1366 1.200000 2 0.690000
1366 1367 1.240000 6 0.670000
1367 1368 1.210000 3 0.680000
1368 1369 1.210000 3 0.680000
1369 1370 1.210000 3 0.680000
1370 1371 1.250000 8 0.890000
1371 1372 1.210000 3 0.680000
1372 1373 1.210000 3 0.680000
1373 1374 1.210000 3 0.680000
1374 1375 1.210000 3 0.680000
1375 1376 1.210000 3 0.680000
1376 1377 1.210000 3 0.680000
1377 1378 1.340000 5 0.640000
1378 1379 1.210000 3 0.680000
1379 1380 1.210000 3 0.680000
1380 1381 1.210000 3 0.680000
1381 1382 1.210000 3 0.680000
1382 1383 1.210000 3 0.680000
1383 1384 1.210000 3 0.680000
1384 1385 1.270000 7 0.680000
1385 1386 1.210000 3 0.680000
1386 1387 1.210000 3 0.680000
1387 1388 1.210000 3 0.680000
1388 1389 1.210000 3 0.680000
1389 1390 1.210000 3 0.680000
1390 1391 1.310000 8 0.860000
1391 1392 1.110000 4 0.780000
1392 1393 1.160000 4 0.640000
1393 1394 1.340000 2 0.610000
1394 1395 1.360000 5 0.850000
1395 1396 1.350000 2 0.840000
1396 1397 1.210000 3 0.680000
1397 1398 1.250000 8 0.830000
1398 1399 1.290000 2 0.790000
1399 1400 1.310000 8 0.860000
1400 1401 1.350000 2 0.640000
1401 1402 1.350000 2 0.640000
1402 1403 1.180000 7 0.760000
1403 1404 1.350000 2 0.640000
1404 1405 1.350000 2 0.640000
1405 1406 1.180000 7 0.760000
1406 1407 1.180000 7 0.760000
1407 1408 1.210000 3 0.680000
1408 1409 1.310000 8 0.860000
1409 1410 1.110000 3 0.730000
1410 1411 1.250000 7 0.740000
1411 1412 1.250000 7 0.740000
1412 1413 1.180000 7 0.760000
1413 1414 1.260000 2 0.650000
1414 1415 1.260000 2 0.650000
1415 1416 1.360000 8 0.640000
1416 1417 1.260000 2 0.650000
1417 1418 1.310000 8 0.710000
1418 1419 1.310000 8 0.860000
1419 1420 1.270000 6 0.870000
1420 1421 1.220000 5 0.810000
1421 1422 1.210000 3 0.680000
1422 1423 1.180000 2 0.800000
1423 1424 1.350000 2 0.840000
1424 1425 1.350000 2 0.840000
1425 1426 1.110000 6 0.680000
1426 1427 1.350000 2 0.840000
1427 1428 1.110000 6 0.680000
1428 1429 1.350000 2 0.840000
1429 1430 1.180000 7 0.760000
1430 1431 1.180000 7 0.760000
1431 1432 1.380000 8 0.710000
1432 1433 1.230000 8 0.820000
1433 1434 1.320000 3 0.620000
1434 1435 1.240000 2 0.840000
1435 1436 1.320000 3 0.620000
1436 1437 1.230000 8 0.820000
1437 1438 1.220000 5 0.810000
1438 1439 1.260000 7 0.780000
1439 1440 1.240000 2 0.840000
1440 1441 1.160000 5 0.720000
1441 1442 1.290000 5 0.680000
1442 1443 1.310000 8 0.860000
1443 1444 1.100000 5 0.760000
1444 1445 1.240000 2 0.840000
1445 1446 1.310000 8 0.860000
1446 1447 1.380000 8 0.710000
1447 1448 1.160000 5 0.720000
1448 1449 1.370000 5 0.880000
1449 1450 1.180000 5 0.850000
1450 1451 1.310000 8 0.860000
1451 1452 1.290000 5 0.740000
1452 1453 1.340000 2 0.700000
1453 1454 1.380000 8 0.710000
1454 1455 1.240000 2 0.840000
1455 1456 1.240000 2 0.840000
1456 1457 1.240000 2 0.840000
1457 1458 1.380000 8 0.710000
1458 1459 1.310000 8 0.860000
1459 1460 1.310000 8 0.860000
1460 1461 1.240000 2 0.840000
1461 1462 1.310000 8 0.860000
1462 1463 1.180000 5 0.850000
1463 1464 1.290000 5 0.740000
1464 1465 1.360000 4 0.720000
1465 1466 1.230000 3 0.610000
1466 1467 1.340000 6 0.650000
1467 1468 1.210000 3 0.680000
1468 1469 1.210000 3 0.680000
1469 1470 1.360000 2 0.840000
1470 1471 1.290000 5 0.680000
1471 1472 1.290000 5 0.680000
1472 1473 1.290000 5 0.680000
1473 1474 1.290000 5 0.680000
1474 1475 1.310000 8 0.860000
1475 1476 1.290000 3 0.830000
1476 1477 1.290000 5 0.680000
1477 1478 1.310000 8 0.860000
1478 1479 1.240000 6 0.670000
1479 1480 1.370000 5 0.880000
1480 1481 1.370000 5 0.880000
1481 1482 1.370000 5 0.880000
1482 1483 1.210000 3 0.680000
1483 1484 1.270000 4 0.600000
1484 1485 1.210000 3 0.680000
1485 1486 1.210000 3 0.680000
1486 1487 1.210000 3 0.680000
1487 1488 1.310000 8 0.860000
1488 1489 1.210000 3 0.680000
1489 1490 1.210000 3 0.680000
1490 1491 1.270000 7 0.680000
1491 1492 1.110000 2 0.730000
1492 1493 1.260000 2 0.650000
1493 1494 1.210000 3 0.680000
1494 1495 1.210000 3 0.680000
1495 1496 1.290000 5 0.740000
1496 1497 1.250000 8 0.890000
1497 1498 1.330000 8 0.600000
1498 1499 1.210000 3 0.680000
1499 1500 1.210000 3 0.680000
1500 1501 1.210000 3 0.680000
1501 1502 1.210000 3 0.680000
1502 1503 1.200000 2 0.690000
1503 1504 1.210000 3 0.680000
1504 1505 1.340000 6 0.650000
1505 1506 1.210000 3 0.680000
1506 1507 1.210000 3 0.680000
1507 1508 1.210000 3 0.680000
1508 1509 1.210000 3 0.680000
1509 1510 1.210000 3 0.680000
1510 1511 1.310000 8 0.860000
1511 1512 1.210000 3 0.680000
1512 1513 1.190000 4 0.700000
1513 1514 1.190000 4 0.700000
1514 1515 1.190000 4 0.700000
1515 1516 1.230000 3 0.610000
1516 1517 1.360000 7 0.800000
1517 1518 1.240000 5 0.620000
1518 1519 1.310000 8 0.860000
1519 1520 1.360000 4 0.720000
1520 1521 1.360000 4 0.720000
1521 1522 1.210000 3 0.680000
1522 1523 1.210000 3 0.680000
1523 1524 1.310000 8 0.860000
1524 1525 1.310000 8 0.860000
1525 1526 1.210000 3 0.680000
1526 1527 1.120000 7 0.630000
1527 1528 1.210000 3 0.680000
1528 1529 1.250000 8 0.890000
1529 1530 1.210000 3 0.680000
1530 1531 1.310000 8 0.860000
1531 1532 1.230000 8 0.740000
1532 1533 1.230000 8 0.740000
1533 1534 1.250000 7 0.740000
1534 1535 1.370000 5 0.880000
1535 1536 1.230000 8 0.740000
1536 1537 1.310000 8 0.860000
1537 1538 1.210000 3 0.670000
1538 1539 1.230000 8 0.740000
1539 1540 1.340000 2 0.610000
1540 1541 1.240000 2 0.840000
1541 1542 1.350000 2 0.640000
1542 1543 1.160000 4 0.640000
1543 1544 1.350000 5 0.620000
1544 1545 1.180000 5 0.850000
1545 1546 1.150000 8 0.770000
1546 1547 1.360000 5 0.620000
1547 1548 1.310000 8 0.860000
1548 1549 1.110000 4 0.780000
1549 1550 1.320000 7 0.790000
1550 1551 1.160000 4 0.640000
1551 1552 1.160000 4 0.640000
1552 1553 1.180000 5 0.850000
1553 1554 1.290000 5 0.680000
1554 1555 1.310000 8 0.860000
1555 1556 1.210000 3 0.680000
1556 1557 1.200000 2 0.690000
1557 1558 1.290000 5 0.680000
1558 1559 1.190000 7 0.780000
1559 1560 1.140000 5 0.760000
1560 1561 1.350000 2 0.640000
1561 1562 1.240000 2 0.840000
1562 1563 1.240000 2 0.840000
1563 1564 1.240000 2 0.840000
1564 1565 1.240000 2 0.840000
1565 1566 1.240000 2 0.840000
1566 1567 1.360000 4 0.820000
1567 1568 1.350000 2 0.640000
1568 1569 1.350000 2 0.640000
1569 1570 1.350000 2 0.640000
1570 1571 1.350000 2 0.640000
1571 1572 1.350000 2 0.840000
1572 1573 1.290000 5 0.680000
1573 1574 1.210000 3 0.680000
1574 1575 1.200000 2 0.690000
1575 1576 1.370000 5 0.880000
1576 1577 1.370000 5 0.880000
1577 1578 1.240000 2 0.840000
1578 1579 1.240000 2 0.840000
1579 1580 1.310000 2 0.640000
1580 1581 1.350000 7 0.690000
1581 1582 1.350000 2 0.640000
1582 1583 1.290000 5 0.740000
1583 1584 1.270000 7 0.680000
1584 1585 1.350000 7 0.690000
1585 1586 1.310000 8 0.860000
1586 1587 1.370000 5 0.880000
1587 1588 1.210000 3 0.680000
1588 1589 1.200000 2 0.690000
1589 1590 1.360000 4 0.720000
1590 1591 1.360000 4 0.720000
1591 1592 1.200000 2 0.690000
1592 1593 1.200000 2 0.690000
1593 1594 1.350000 5 0.750000
1594 1595 1.310000 8 0.860000
1595 1596 1.310000 8 0.860000
1596 1597 1.310000 8 0.860000
1597 1598 1.310000 8 0.860000
1598 1599 1.360000 4 0.720000
1599 1600 1.290000 5 0.680000
1600 1601 1.210000 3 0.680000
1601 1602 1.310000 8 0.860000
1602 1603 1.310000 8 0.860000
1603 1604 1.310000 8 0.860000
1604 1605 1.310000 8 0.860000
1605 1606 1.380000 8 0.710000
1606 1607 1.310000 8 0.860000
1607 1608 1.340000 7 0.600000
1608 1609 1.110000 2 0.730000
1609 1610 1.320000 3 0.620000
1610 1611 1.310000 8 0.860000
1611 1612 1.310000 8 0.860000
1612 1613 1.250000 8 0.890000
1613 1614 1.370000 7 0.700000
1614 1615 1.230000 3 0.610000
1615 1616 1.200000 2 0.690000
1616 1617 1.210000 3 0.680000
1617 1618 1.370000 5 0.880000
1618 1619 1.210000 3 0.680000
1619 1620 1.370000 5 0.880000
1620 1621 1.210000 3 0.680000
1621 1622 1.310000 8 0.860000
1622 1623 1.210000 3 0.680000
1623 1624 1.310000 8 0.860000
1624 1625 1.310000 8 0.860000
1625 1626 1.210000 3 0.680000
1626 1627 1.370000 5 0.880000
1627 1628 1.340000 4 0.740000
1628 1629 1.160000 5 0.720000
1629 1630 1.160000 4 0.730000
1630 1631 1.340000 4 0.740000
1631 1632 1.310000 8 0.860000
1632 1633 1.110000 2 0.730000
1633 1634 1.210000 3 0.680000
1634 1635 1.200000 2 0.690000
1635 1636 1.200000 2 0.690000
1636 1637 1.110000 5 0.670000
1637 1638 1.210000 3 0.680000
1638 1639 1.310000 8 0.860000
1639 1640 1.310000 8 0.860000
1640 1641 1.250000 8 0.890000
1641 1642 1.310000 8 0.860000
1642 1643 1.310000 8 0.860000
1643 1644 1.240000 5 0.620000
1644 1645 1.280000 2 0.730000
1645 1646 1.210000 3 0.680000
1646 1647 1.210000 3 0.680000
1647 1648 1.310000 8 0.860000
1648 1649 1.250000 8 0.890000
1649 1650 1.210000 3 0.680000
1650 1651 1.200000 2 0.690000
1651 1652 1.290000 3 0.830000
1652 1653 1.340000 5 0.660000
1653 1654 1.310000 8 0.860000
1654 1655 1.210000 3 0.680000
1655 1656 1.210000 3 0.680000
1656 1657 1.290000 5 0.680000
1657 1658 1.310000 8 0.860000
1658 1659 1.210000 3 0.680000
1659 1660 1.180000 5 0.850000
1660 1661 1.310000 8 0.860000
1661 1662 1.360000 4 0.720000
1662 1663 1.250000 7 0.740000
1663 1664 1.210000 3 0.680000
1664 1665 1.310000 8 0.860000
1665 1666 1.240000 6 0.670000
1666 1667 1.310000 8 0.860000
1667 1668 1.310000 8 0.860000
1668 1669 1.260000 8 0.760000
1669 1670 1.290000 5 0.740000
1670 1671 1.210000 3 0.680000
1671 1672 1.180000 5 0.850000
1672 1673 1.310000 8 0.860000
1673 1674 1.310000 8 0.860000
1674 1675 1.350000 2 0.840000
1675 1676 1.350000 2 0.640000
1676 1677 1.350000 2 0.660000
1677 1678 1.350000 2 0.870000
1678 1679 1.310000 8 0.880000
1679 1680 1.230000 3 0.610000
1680 1681 1.230000 3 0.610000
1681 1682 1.340000 2 0.610000
1682 1683 1.310000 8 0.860000
1683 1684 1.280000 8 0.630000
1684 1685 1.310000 8 0.860000
1685 1686 1.310000 8 0.860000
1686 1687 1.300000 8 0.600000
1687 1688 1.110000 2 0.730000
1688 1689 1.350000 2 0.640000
1689 1690 1.180000 7 0.760000
1690 1691 1.290000 5 0.680000
1691 1692 1.220000 6 0.600000
1692 1693 1.120000 8 0.710000
1693 1694 1.290000 2 0.790000
1694 1695 1.360000 4 0.720000
1695 1696 1.200000 4 0.770000
1696 1697 1.340000 2 0.610000
1697 1698 1.260000 2 0.650000
1698 1699 1.220000 5 0.620000
1699 1700 1.380000 8 0.710000
1700 1701 1.340000 2 0.610000
1701 1702 1.310000 8 0.860000
1702 1703 1.310000 8 0.860000
1703 1704 1.340000 2 0.610000
1704 1705 1.320000 5 0.600000
1705 1706 1.210000 3 0.680000
1706 1707 1.340000 2 0.610000
1707 1708 1.220000 6 0.650000
1708 1709 1.290000 7 0.720000
1709 1710 1.140000 8 0.800000
1710 1711 1.240000 2 0.840000
1711 1712 1.320000 5 0.600000
1712 1713 1.140000 8 0.800000
1713 1714 1.230000 3 0.610000
1714 1715 1.370000 5 0.880000
1715 1716 1.210000 3 0.680000
1716 1717 1.310000 8 0.860000
1717 1718 1.310000 8 0.860000
1718 1719 1.310000 8 0.860000
1719 1720 1.200000 2 0.690000
1720 1721 1.290000 5 0.680000
1721 1722 1.270000 7 0.680000
1722 1723 1.310000 8 0.860000
1723 1724 1.210000 3 0.680000
1724 1725 1.210000 3 0.680000
1725 1726 1.200000 8 0.620000
1726 1727 1.380000 8 0.710000
1727 1728 1.210000 3 0.670000
1728 1729 1.310000 8 0.860000
1729 1730 1.210000 3 0.730000
1730 1731 1.380000 5 0.630000
1731 1732 1.210000 3 0.680000
1732 1733 1.250000 7 0.740000
1733 1734 1.130000 7 0.770000
1734 1735 1.370000 5 0.880000
1735 1736 1.270000 7 0.680000
1736 1737 1.310000 8 0.860000
1737 1738 1.160000 4 0.640000
1738 1739 1.310000 8 0.860000
1739 1740 1.310000 8 0.860000
1740 1741 1.210000 3 0.680000
1741 1742 1.310000 8 0.860000
1742 1743 1.210000 3 0.680000
1743 1744 1.240000 2 0.840000
1744 1745 1.240000 2 0.840000
1745 1746 1.350000 2 0.640000
1746 1747 1.370000 5 0.880000
1747 1748 1.370000 5 0.880000
1748 1749 1.210000 3 0.680000
1749 1750 1.240000 2 0.840000
1750 1751 1.220000 6 0.680000
1751 1752 1.310000 8 0.860000
1752 1753 1.310000 8 0.860000
1753 1754 1.110000 6 0.680000
1754 1755 1.290000 5 0.680000
1755 1756 1.310000 8 0.860000
1756 1757 1.310000 8 0.860000
1757 1758 1.310000 8 0.860000
1758 1759 1.310000 8 0.860000
1759 1760 1.240000 2 0.840000
1760 1761 1.380000 8 0.710000
1761 1762 1.380000 8 0.710000
1762 1763 1.340000 2 0.610000
1763 1764 1.320000 7 0.790000
1764 1765 1.240000 2 0.840000
1765 1766 1.240000 2 0.840000
1766 1767 1.240000 2 0.840000
1767 1768 1.390000 7 0.740000
1768 1769 1.350000 7 0.690000
1769 1770 1.310000 8 0.860000
1770 1771 1.310000 8 0.860000
1771 1772 1.310000 8 0.860000
1772 1773 1.310000 8 0.860000
1773 1774 1.330000 4 0.820000
1774 1775 1.140000 5 0.760000
1775 1776 1.320000 6 0.810000
1776 1777 1.240000 2 0.840000
1777 1778 1.240000 2 0.840000
1778 1779 1.260000 2 0.650000
1779 1780 1.350000 3 0.700000
1780 1781 1.370000 5 0.880000
1781 1782 1.370000 5 0.880000
1782 1783 1.230000 8 0.740000
1783 1784 1.100000 7 0.750000
1784 1785 1.270000 4 0.600000
1785 1786 1.210000 6 0.820000
1786 1787 1.210000 3 0.680000
1787 1788 1.190000 2 0.660000
1788 1789 1.210000 3 0.680000
1789 1790 1.270000 4 0.600000
1790 1791 1.270000 4 0.600000
1791 1792 1.210000 3 0.680000
1792 1793 1.260000 7 0.780000
1793 1794 1.210000 3 0.680000
1794 1795 1.270000 4 0.600000
1795 1796 1.310000 8 0.860000
1796 1797 1.210000 3 0.680000
1797 1798 1.210000 3 0.680000
1798 1799 1.210000 3 0.680000
1799 1800 1.210000 3 0.680000
1800 1801 1.200000 2 0.690000
1801 1802 1.310000 8 0.860000
1802 1803 1.210000 3 0.680000
1803 1804 1.210000 3 0.680000
1804 1805 1.210000 3 0.680000
1805 1806 1.230000 3 0.880000
1806 1807 1.350000 2 0.640000
1807 1808 1.230000 8 0.820000
1808 1809 1.350000 2 0.640000
1809 1810 1.240000 2 0.840000
1810 1811 1.260000 2 0.650000
1811 1812 1.350000 2 0.640000
1812 1813 1.350000 2 0.640000
1813 1814 1.350000 2 0.640000
1814 1815 1.360000 3 0.830000
1815 1816 1.350000 2 0.640000
1816 1817 1.350000 2 0.640000
1817 1818 1.350000 2 0.640000
1818 1819 1.310000 8 0.860000
1819 1820 1.220000 3 0.690000
1820 1821 1.240000 2 0.780000
1821 1822 1.290000 7 0.810000
1822 1823 1.160000 4 0.640000
1823 1824 1.230000 8 0.820000
1824 1825 1.310000 8 0.860000
1825 1826 1.290000 3 0.830000
1826 1827 1.230000 8 0.740000
1827 1828 1.230000 8 0.740000
1828 1829 1.250000 7 0.740000
1829 1830 1.210000 3 0.680000
1830 1831 1.210000 3 0.680000
1831 1832 1.210000 3 0.680000
1832 1833 1.210000 3 0.680000
1833 1834 1.210000 3 0.680000
1834 1835 1.370000 5 0.880000
1835 1836 1.370000 5 0.880000
1836 1837 1.160000 5 0.720000
1837 1838 1.150000 6 0.780000
1838 1839 1.130000 7 0.770000
1839 1840 1.340000 2 0.610000
1840 1841 1.370000 5 0.880000
1841 1842 1.310000 8 0.860000
1842 1843 1.310000 8 0.860000
1843 1844 1.310000 8 0.860000
1844 1845 1.110000 4 0.840000
1845 1846 1.210000 3 0.680000
1846 1847 1.160000 4 0.730000
1847 1848 1.310000 8 0.860000
1848 1849 1.210000 3 0.680000
1849 1850 1.310000 8 0.860000
1850 1851 1.310000 8 0.880000
1851 1852 1.180000 7 0.760000
1852 1853 1.380000 5 0.630000
1853 1854 1.310000 8 0.860000
1854 1855 1.310000 8 0.860000
1855 1856 1.210000 3 0.680000
1856 1857 1.360000 5 0.620000
1857 1858 1.110000 2 0.730000
1858 1859 1.210000 3 0.730000
1859 1860 1.240000 2 0.840000
1860 1861 1.240000 2 0.840000
1861 1862 1.270000 6 0.870000
1862 1863 1.230000 3 0.610000
1863 1864 1.340000 2 0.610000
1864 1865 1.320000 5 0.600000
1865 1866 1.350000 5 0.790000
1866 1867 1.350000 5 0.790000
1867 1868 1.350000 2 0.640000
1868 1869 1.320000 7 0.790000
1869 1870 1.320000 7 0.790000
1870 1871 1.320000 7 0.790000
1871 1872 1.350000 2 0.640000
1872 1873 1.200000 8 0.790000
1873 1874 1.300000 8 0.600000
1874 1875 1.340000 2 0.610000
1875 1876 1.310000 8 0.860000
1876 1877 1.230000 3 0.880000
1877 1878 1.240000 2 0.840000
1878 1879 1.240000 2 0.840000
1879 1880 1.240000 2 0.840000
1880 1881 1.240000 2 0.840000
1881 1882 1.240000 2 0.840000
1882 1883 1.170000 7 0.630000
1883 1884 1.170000 7 0.630000
1884 1885 1.240000 2 0.840000
1885 1886 1.110000 2 0.730000
1886 1887 1.260000 2 0.650000
1887 1888 1.310000 8 0.860000
1888 1889 1.340000 8 0.860000
1889 1890 1.230000 8 0.740000
1890 1891 1.360000 4 0.720000
1891 1892 1.210000 3 0.680000
1892 1893 1.230000 6 0.700000
1893 1894 1.120000 2 0.680000
1894 1895 1.240000 2 0.840000
1895 1896 1.350000 2 0.630000
1896 1897 1.320000 4 0.820000
1897 1898 1.330000 4 0.810000
1898 1899 1.260000 5 0.620000
1899 1900 1.310000 8 0.860000
1900 1901 1.210000 3 0.680000
1901 1902 1.210000 3 0.680000
1902 1903 1.210000 3 0.680000
1903 1904 1.310000 8 0.860000
1904 1905 1.180000 3 0.680000
1905 1906 1.150000 8 0.770000
1906 1907 1.270000 4 0.600000
1907 1908 1.210000 3 0.680000
1908 1909 1.210000 3 0.680000
1909 1910 1.210000 3 0.680000
1910 1911 1.210000 3 0.680000
1911 1912 1.210000 3 0.680000
1912 1913 1.210000 3 0.680000
1913 1914 1.210000 3 0.680000
1914 1915 1.310000 8 0.860000
1915 1916 1.210000 3 0.680000
1916 1917 1.210000 3 0.680000
1917 1918 1.210000 3 0.680000
1918 1919 1.210000 3 0.680000
1919 1920 1.210000 3 0.680000
1920 1921 1.310000 8 0.860000
1921 1922 1.240000 2 0.840000
1922 1923 1.210000 3 0.680000
1923 1924 1.230000 8 0.740000
1924 1925 1.210000 3 0.680000
1925 1926 1.110000 2 0.730000
1926 1927 1.140000 8 0.800000
1927 1928 1.310000 8 0.860000
1928 1929 1.290000 5 0.740000
1929 1930 1.290000 5 0.680000
1930 1931 1.290000 5 0.740000
1931 1932 1.360000 4 0.720000
1932 1933 1.370000 5 0.880000
1933 1934 1.270000 4 0.600000
1934 1935 1.270000 4 0.600000
1935 1936 1.270000 4 0.600000
1936 1937 1.270000 4 0.600000
1937 1938 1.210000 3 0.680000
1938 1939 1.210000 3 0.680000
1939 1940 1.210000 3 0.680000
1940 1941 1.310000 8 0.860000
1941 1942 1.350000 2 0.840000
1942 1943 1.210000 3 0.680000
1943 1944 1.210000 3 0.680000
1944 1945 1.260000 2 0.650000
1945 1946 1.390000 6 0.820000
1946 1947 1.320000 3 0.620000
1947 1948 1.340000 2 0.610000
1948 1949 1.210000 3 0.680000
1949 1950 1.160000 4 0.640000
1950 1951 1.160000 4 0.730000
1951 1952 1.210000 3 0.680000
1952 1953 1.250000 7 0.740000
1953 1954 1.210000 3 0.680000
1954 1955 1.310000 8 0.860000
1955 1956 1.210000 3 0.680000
1956 1957 1.310000 8 0.860000
1957 1958 1.230000 8 0.740000
1958 1959 1.310000 8 0.860000
1959 1960 1.310000 8 0.860000
1960 1961 1.180000 6 0.680000
1961 1962 1.370000 5 0.880000
1962 1963 1.340000 6 0.650000
1963 1964 1.270000 4 0.740000
1964 1965 1.270000 4 0.600000
1965 1966 1.360000 4 0.720000
1966 1967 1.270000 4 0.600000
1967 1968 1.230000 3 0.880000
1968 1969 1.360000 4 0.720000
1969 1970 1.270000 4 0.600000
1970 1971 1.310000 8 0.860000
1971 1972 1.270000 4 0.600000
1972 1973 1.270000 4 0.600000
1973 1974 1.210000 3 0.680000
1974 1975 1.160000 5 0.720000
1975 1976 1.210000 3 0.680000
1976 1977 1.200000 2 0.690000
1977 1978 1.360000 4 0.720000
1978 1979 1.210000 3 0.680000
1979 1980 1.210000 3 0.680000
1980 1981 1.210000 3 0.680000
1981 1982 1.230000 3 0.610000
1982 1983 1.240000 2 0.840000
1983 1984 1.280000 2 0.730000
1984 1985 1.340000 6 0.650000
1985 1986 1.220000 6 0.650000
1986 1987 1.360000 4 0.720000
1987 1988 1.360000 5 0.780000
1988 1989 1.230000 3 0.610000
1989 1990 1.360000 4 0.720000
1990 1991 1.310000 8 0.860000
1991 1992 1.310000 8 0.860000
1992 1993 1.310000 8 0.860000
1993 1994 1.360000 4 0.720000
1994 1995 1.210000 3 0.680000
1995 1996 1.210000 3 0.680000
1996 1997 1.210000 3 0.680000
1997 1998 1.310000 8 0.860000
1998 1999 1.370000 7 0.790000
1999 2000 1.240000 5 0.620000
2000 2001 1.240000 5 0.620000
2001 2002 1.200000 2 0.690000
2002 2003 1.210000 3 0.680000
2003 2004 1.240000 5 0.620000
2004 2005 1.210000 3 0.680000
2005 2006 1.210000 3 0.680000
2006 2007 1.210000 3 0.680000
2007 2008 1.210000 3 0.680000
2008 2009 1.210000 3 0.680000
2009 2010 1.360000 4 0.720000
2010 2011 1.130000 7 0.770000
2011 2012 1.360000 4 0.720000
2012 2013 1.360000 4 0.720000
2013 2014 1.210000 3 0.680000
2014 2015 1.210000 3 0.680000
2015 2016 1.360000 4 0.720000
2016 2017 1.360000 4 0.720000
2017 2018 1.210000 3 0.680000
2018 2019 1.360000 4 0.720000
2019 2020 1.210000 3 0.680000
2020 2021 1.370000 5 0.880000
2021 2022 1.210000 3 0.680000
2022 2023 1.210000 3 0.680000
2023 2024 1.310000 8 0.860000
2024 2025 1.360000 4 0.720000
2025 2026 1.310000 8 0.860000
2026 2027 1.310000 8 0.860000
2027 2028 1.310000 8 0.860000
2028 2029 1.230000 3 0.610000
2029 2030 1.230000 3 0.610000
2030 2031 1.340000 6 0.650000
