0 1 1.140000 6 0.690000
1 2 1.120000 6 0.810000
2 3 1.190000 8 0.850000
3 4 1.250000 3 0.630000
4 5 1.250000 7 0.770000
5 6 1.250000 7 0.770000
6 7 1.250000 7 0.770000
7 8 1.190000 7 0.650000
8 9 1.250000 7 0.770000
9 10 1.250000 7 0.770000
10 11 1.250000 7 0.770000
11 12 1.250000 7 0.770000
12 13 1.250000 7 0.770000
13 14 1.250000 7 0.770000
14 15 1.250000 7 0.770000
15 16 1.250000 7 0.770000
16 17 1.250000 7 0.770000
17 18 1.250000 7 0.770000
18 19 1.250000 7 0.770000
19 20 1.250000 7 0.770000
20 21 1.250000 7 0.770000
21 22 1.250000 7 0.770000
22 23 1.250000 7 0.770000
23 24 1.190000 7 0.650000
24 25 1.250000 7 0.770000
25 26 1.100000 3 0.830000
26 27 1.250000 7 0.770000
27 28 1.190000 7 0.650000
28 29 1.250000 7 0.770000
29 30 1.190000 7 0.650000
30 31 1.130000 4 0.640000
31 32 1.250000 7 0.770000
32 33 1.250000 7 0.770000
33 34 1.190000 7 0.650000
34 35 1.190000 7 0.650000
35 36 1.190000 7 0.650000
36 37 1.190000 7 0.650000
37 38 1.250000 7 0.770000
38 39 1.250000 7 0.770000
39 40 1.190000 7 0.650000
40 41 1.340000 8 0.630000
41 42 1.250000 7 0.770000
42 43 1.250000 7 0.770000
43 44 1.250000 7 0.770000
44 45 1.250000 7 0.770000
45 46 1.190000 7 0.650000
46 47 1.190000 7 0.650000
47 48 1.190000 7 0.650000
48 49 1.250000 7 0.770000
49 50 1.300000 5 0.820000
50 51 1.250000 7 0.770000
51 52 1.250000 7 0.770000
52 53 1.190000 7 0.650000
53 54 1.250000 7 0.770000
54 55 1.190000 7 0.650000
55 56 1.190000 7 0.650000
56 57 1.190000 7 0.650000
57 58 1.250000 7 0.770000
58 59 1.250000 7 0.770000
59 60 1.250000 7 0.770000
60 61 1.250000 7 0.770000
61 62 1.250000 7 0.770000
62 63 1.190000 7 0.650000
63 64 1.250000 7 0.770000
64 65 1.130000 4 0.640000
65 66 1.250000 7 0.770000
66 67 1.250000 7 0.770000
67 68 1.320000 8 0.820000
68 69 1.190000 7 0.650000
69 70 1.190000 7 0.650000
70 71 1.250000 7 0.770000
71 72 1.250000 7 0.770000
72 73 1.160000 7 0.640000
73 74 1.200000 5 0.850000
74 75 1.250000 7 0.770000
75 76 1.170000 8 0.770000
76 77 1.200000 5 0.850000
77 78 1.190000 7 0.650000
78 79 1.250000 7 0.770000
79 80 1.200000 5 0.850000
80 81 1.200000 5 0.850000
81 82 1.250000 7 0.770000
82 83 1.250000 7 0.770000
83 84 1.200000 5 0.850000
84 85 1.200000 5 0.850000
85 86 1.250000 7 0.770000
86 87 1.250000 7 0.770000
87 88 1.200000 5 0.850000
88 89 1.250000 7 0.770000
89 90 1.250000 7 0.770000
90 91 1.190000 7 0.650000
91 92 1.250000 7 0.770000
92 93 1.250000 7 0.770000
93 94 1.250000 7 0.770000
94 95 1.250000 7 0.770000
95 96 1.260000 7 0.640000
96 97 1.260000 7 0.640000
97 98 1.200000 5 0.850000
98 99 1.250000 7 0.770000
99 100 1.190000 7 0.650000
100 101 1.250000 7 0.770000
101 102 1.250000 7 0.770000
102 103 1.260000 7 0.640000
103 104 1.200000 5 0.850000
104 105 1.200000 5 0.850000
105 106 1.250000 7 0.770000
106 107 1.250000 7 0.770000
107 108 1.250000 7 0.770000
108 109 1.130000 4 0.640000
109 110 1.190000 7 0.650000
110 111 1.190000 7 0.650000
111 112 1.160000 7 0.640000
112 113 1.200000 5 0.850000
113 114 1.250000 7 0.770000
114 115 1.130000 4 0.640000
115 116 1.250000 7 0.770000
116 117 1.190000 7 0.650000
117 118 1.250000 7 0.770000
118 119 1.250000 7 0.770000
119 120 1.250000 7 0.770000
120 121 1.250000 7 0.770000
121 122 1.190000 7 0.650000
122 123 1.200000 5 0.850000
123 124 1.190000 7 0.650000
124 125 1.130000 4 0.640000
125 126 1.250000 7 0.770000
126 127 1.260000 3 0.800000
127 128 1.250000 7 0.770000
128 129 1.200000 5 0.850000
129 130 1.130000 4 0.640000
130 131 1.320000 8 0.820000
131 132 1.260000 7 0.640000
132 133 1.200000 5 0.850000
133 134 1.100000 3 0.830000
134 135 1.130000 4 0.640000
135 136 1.390000 6 0.650000
136 137 1.250000 7 0.770000
137 138 1.200000 5 0.850000
138 139 1.260000 7 0.640000
139 140 1.250000 7 0.770000
140 141 1.130000 4 0.640000
141 142 1.190000 7 0.650000
142 143 1.100000 3 0.830000
143 144 1.130000 4 0.640000
144 145 1.170000 2 0.820000
145 146 1.130000 4 0.640000
146 147 1.260000 7 0.640000
147 148 1.100000 3 0.830000
148 149 1.200000 5 0.850000
149 150 1.200000 5 0.850000
150 151 1.250000 7 0.770000
151 152 1.250000 7 0.770000
152 153 1.200000 5 0.850000
153 154 1.250000 7 0.770000
154 155 1.190000 7 0.650000
155 156 1.190000 7 0.650000
156 157 1.250000 7 0.770000
157 158 1.200000 5 0.850000
158 159 1.200000 5 0.850000
159 160 1.250000 7 0.770000
160 161 1.250000 7 0.770000
161 162 1.200000 5 0.850000
162 163 1.190000 7 0.650000
163 164 1.250000 7 0.770000
164 165 1.200000 5 0.850000
165 166 1.130000 4 0.640000
166 167 1.130000 4 0.640000
167 168 1.250000 7 0.770000
168 169 1.130000 4 0.640000
169 170 1.130000 4 0.640000
170 171 1.250000 7 0.770000
171 172 1.250000 7 0.770000
172 173 1.250000 7 0.770000
173 174 1.250000 7 0.770000
174 175 1.190000 7 0.650000
175 176 1.340000 8 0.630000
176 177 1.250000 7 0.770000
177 178 1.370000 5 0.800000
178 179 1.190000 7 0.650000
179 180 1.190000 7 0.650000
180 181 1.190000 7 0.650000
181 182 1.190000 7 0.650000
182 183 1.250000 7 0.770000
183 184 1.190000 7 0.650000
184 185 1.190000 7 0.650000
185 186 1.250000 7 0.770000
186 187 1.250000 7 0.770000
187 188 1.190000 7 0.650000
188 189 1.260000 7 0.640000
189 190 1.210000 6 0.870000
190 191 1.200000 5 0.850000
191 192 1.220000 7 0.860000
192 193 1.220000 7 0.860000
193 194 1.200000 5 0.850000
194 195 1.260000 7 0.640000
195 196 1.200000 5 0.850000
196 197 1.190000 7 0.650000
197 198 1.190000 7 0.650000
198 199 1.190000 7 0.650000
199 200 1.190000 7 0.650000
200 201 1.190000 7 0.650000
201 202 1.370000 5 0.800000
202 203 1.250000 7 0.770000
203 204 1.250000 7 0.770000
204 205 1.190000 7 0.650000
205 206 1.250000 7 0.770000
206 207 1.210000 6 0.870000
207 208 1.260000 7 0.640000
208 209 1.260000 7 0.640000
209 210 1.240000 8 0.610000
210 211 1.130000 4 0.640000
211 212 1.130000 4 0.640000
212 213 1.360000 8 0.760000
213 214 1.190000 7 0.650000
214 215 1.240000 8 0.610000
215 216 1.200000 5 0.850000
216 217 1.130000 4 0.640000
217 218 1.190000 7 0.650000
218 219 1.190000 7 0.650000
219 220 1.250000 7 0.770000
220 221 1.190000 7 0.650000
221 222 1.190000 7 0.650000
222 223 1.250000 7 0.770000
223 224 1.250000 7 0.770000
224 225 1.250000 7 0.770000
225 226 1.320000 8 0.820000
226 227 1.250000 7 0.770000
227 228 1.250000 7 0.770000
228 229 1.190000 7 0.650000
229 230 1.190000 7 0.650000
230 231 1.190000 7 0.650000
231 232 1.190000 7 0.650000
232 233 1.250000 7 0.770000
233 234 1.250000 7 0.770000
234 235 1.100000 3 0.830000
235 236 1.250000 7 0.770000
236 237 1.190000 7 0.650000
237 238 1.190000 7 0.650000
238 239 1.190000 7 0.650000
239 240 1.250000 7 0.770000
240 241 1.250000 7 0.770000
241 242 1.250000 7 0.770000
242 243 1.250000 7 0.770000
243 244 1.190000 7 0.650000
244 245 1.190000 7 0.650000
245 246 1.200000 5 0.850000
246 247 1.190000 7 0.650000
247 248 1.240000 8 0.610000
248 249 1.200000 5 0.850000
249 250 1.200000 5 0.850000
250 251 1.250000 7 0.770000
251 252 1.200000 5 0.850000
252 253 1.250000 7 0.770000
253 254 1.250000 7 0.770000
254 255 1.150000 4 0.830000
255 256 1.240000 8 0.610000
256 257 1.200000 5 0.850000
257 258 1.250000 7 0.770000
258 259 1.250000 7 0.770000
259 260 1.250000 7 0.770000
260 261 1.250000 7 0.770000
261 262 1.250000 7 0.770000
262 263 1.250000 7 0.770000
263 264 1.250000 7 0.770000
264 265 1.200000 5 0.850000
265 266 1.130000 4 0.640000
266 267 1.130000 4 0.640000
267 268 1.130000 4 0.640000
268 269 1.250000 7 0.770000
269 270 1.250000 7 0.770000
270 271 1.250000 7 0.770000
271 272 1.250000 7 0.770000
272 273 1.250000 7 0.770000
273 274 1.250000 7 0.770000
274 275 1.250000 7 0.770000
275 276 1.190000 7 0.650000
276 277 1.190000 7 0.650000
277 278 1.370000 5 0.800000
278 279 1.190000 7 0.650000
279 280 1.250000 7 0.770000
280 281 1.190000 7 0.650000
281 282 1.190000 7 0.650000
282 283 1.190000 7 0.650000
283 284 1.190000 7 0.650000
284 285 1.190000 7 0.650000
285 286 1.200000 5 0.850000
286 287 1.260000 7 0.640000
287 288 1.200000 5 0.850000
288 289 1.250000 7 0.770000
289 290 1.200000 5 0.850000
290 291 1.200000 5 0.850000
291 292 1.260000 7 0.640000
292 293 1.320000 8 0.820000
293 294 1.250000 7 0.770000
294 295 1.250000 7 0.770000
295 296 1.250000 7 0.770000
296 297 1.250000 7 0.770000
297 298 1.250000 7 0.770000
298 299 1.250000 7 0.770000
299 300 1.190000 7 0.650000
300 301 1.250000 7 0.770000
301 302 1.200000 5 0.850000
302 303 1.130000 4 0.640000
303 304 1.130000 4 0.640000
304 305 1.250000 7 0.770000
305 306 1.250000 7 0.770000
306 307 1.250000 7 0.770000
307 308 1.320000 8 0.820000
308 309 1.190000 7 0.650000
309 310 1.250000 7 0.770000
310 311 1.370000 5 0.800000
311 312 1.250000 7 0.770000
312 313 1.250000 7 0.770000
313 314 1.250000 7 0.770000
314 315 1.250000 7 0.770000
315 316 1.250000 7 0.770000
316 317 1.200000 5 0.850000
317 318 1.250000 7 0.770000
318 319 1.190000 7 0.650000
319 320 1.200000 5 0.850000
320 321 1.240000 8 0.610000
321 322 1.250000 7 0.770000
322 323 1.260000 7 0.640000
323 324 1.260000 7 0.640000
324 325 1.200000 5 0.850000
325 326 1.200000 5 0.850000
326 327 1.210000 6 0.870000
327 328 1.190000 7 0.650000
328 329 1.210000 4 0.790000
329 330 1.190000 4 0.760000
330 331 1.250000 7 0.770000
331 332 1.260000 7 0.640000
332 333 1.250000 7 0.770000
333 334 1.190000 7 0.650000
334 335 1.250000 7 0.770000
335 336 1.130000 4 0.640000
336 337 1.190000 7 0.650000
337 338 1.190000 7 0.650000
338 339 1.250000 7 0.770000
339 340 1.240000 8 0.610000
340 341 1.250000 7 0.770000
341 342 1.240000 8 0.610000
342 343 1.240000 8 0.610000
343 344 1.240000 8 0.610000
344 345 1.200000 5 0.850000
345 346 1.220000 7 0.860000
346 347 1.250000 7 0.770000
347 348 1.250000 7 0.770000
348 349 1.200000 5 0.850000
349 350 1.250000 7 0.770000
350 351 1.260000 7 0.640000
351 352 1.250000 7 0.770000
352 353 1.190000 7 0.650000
353 354 1.250000 7 0.770000
354 355 1.250000 7 0.770000
355 356 1.250000 7 0.770000
356 357 1.190000 7 0.650000
357 358 1.190000 7 0.650000
358 359 1.250000 7 0.770000
359 360 1.250000 7 0.770000
360 361 1.250000 7 0.770000
361 362 1.250000 7 0.770000
362 363 1.190000 7 0.650000
363 364 1.190000 7 0.650000
364 365 1.190000 7 0.650000
365 366 1.250000 7 0.770000
366 367 1.250000 7 0.770000
367 368 1.240000 8 0.610000
368 369 1.250000 7 0.770000
369 370 1.250000 7 0.770000
370 371 1.250000 7 0.770000
371 372 1.190000 7 0.650000
372 373 1.190000 7 0.650000
373 374 1.190000 7 0.650000
374 375 1.190000 7 0.650000
375 376 1.190000 7 0.650000
376 377 1.190000 7 0.650000
377 378 1.250000 7 0.770000
378 379 1.250000 7 0.770000
379 380 1.250000 7 0.770000
380 381 1.350000 4 0.760000
381 382 1.200000 5 0.850000
382 383 1.240000 8 0.610000
383 384 1.190000 7 0.650000
384 385 1.200000 5 0.850000
385 386 1.200000 5 0.850000
386 387 1.370000 7 0.740000
387 388 1.190000 4 0.760000
388 389 1.130000 4 0.640000
389 390 1.250000 7 0.770000
390 391 1.250000 7 0.770000
391 392 1.190000 7 0.650000
392 393 1.190000 7 0.650000
393 394 1.190000 7 0.650000
394 395 1.190000 7 0.650000
395 396 1.190000 7 0.650000
396 397 1.190000 7 0.650000
397 398 1.190000 7 0.650000
398 399 1.250000 7 0.770000
399 400 1.190000 7 0.650000
400 401 1.190000 7 0.650000
401 402 1.190000 7 0.650000
402 403 1.250000 7 0.770000
403 404 1.250000 7 0.770000
404 405 1.190000 7 0.650000
405 406 1.250000 7 0.770000
406 407 1.200000 5 0.850000
407 408 1.190000 7 0.650000
408 409 1.190000 7 0.650000
409 410 1.190000 7 0.650000
410 411 1.250000 7 0.770000
411 412 1.190000 7 0.650000
412 413 1.190000 7 0.650000
413 414 1.190000 7 0.650000
414 415 1.250000 7 0.770000
415 416 1.250000 7 0.770000
416 417 1.250000 7 0.770000
417 418 1.190000 7 0.650000
418 419 1.250000 7 0.770000
419 420 1.190000 7 0.650000
420 421 1.190000 7 0.650000
421 422 1.250000 7 0.770000
422 423 1.250000 7 0.770000
423 424 1.250000 7 0.770000
424 425 1.190000 7 0.650000
425 426 1.190000 7 0.650000
426 427 1.190000 7 0.650000
427 428 1.190000 7 0.650000
428 429 1.250000 7 0.770000
429 430 1.190000 7 0.650000
430 431 1.190000 7 0.650000
431 432 1.190000 7 0.650000
432 433 1.190000 7 0.650000
433 434 1.250000 7 0.770000
434 435 1.250000 7 0.770000
435 436 1.250000 7 0.770000
436 437 1.250000 7 0.770000
437 438 1.250000 7 0.770000
438 439 1.250000 7 0.770000
439 440 1.190000 7 0.650000
440 441 1.190000 7 0.650000
441 442 1.190000 7 0.650000
442 443 1.190000 7 0.650000
443 444 1.190000 7 0.650000
444 445 1.190000 7 0.650000
445 446 1.200000 5 0.850000
446 447 1.190000 7 0.650000
447 448 1.250000 7 0.770000
448 449 1.250000 7 0.770000
449 450 1.250000 7 0.770000
450 451 1.250000 7 0.770000
451 452 1.250000 7 0.770000
452 453 1.250000 7 0.770000
453 454 1.250000 7 0.770000
454 455 1.250000 7 0.770000
455 456 1.190000 7 0.650000
456 457 1.190000 7 0.650000
457 458 1.190000 7 0.650000
458 459 1.250000 7 0.770000
459 460 1.250000 7 0.770000
460 461 1.190000 7 0.650000
461 462 1.190000 7 0.650000
462 463 1.250000 7 0.770000
463 464 1.250000 7 0.770000
464 465 1.250000 7 0.770000
465 466 1.190000 7 0.650000
466 467 1.250000 7 0.770000
467 468 1.190000 4 0.760000
468 469 1.200000 5 0.850000
469 470 1.250000 7 0.770000
470 471 1.250000 7 0.770000
471 472 1.250000 7 0.770000
472 473 1.190000 7 0.650000
473 474 1.190000 7 0.650000
474 475 1.190000 7 0.650000
475 476 1.320000 8 0.820000
476 477 1.320000 8 0.820000
477 478 1.190000 7 0.650000
478 479 1.190000 7 0.650000
479 480 1.190000 7 0.650000
480 481 1.250000 7 0.770000
481 482 1.370000 5 0.800000
482 483 1.320000 8 0.820000
483 484 1.190000 7 0.650000
484 485 1.260000 7 0.640000
485 486 1.300000 5 0.820000
486 487 1.190000 7 0.650000
487 488 1.250000 7 0.770000
488 489 1.250000 7 0.770000
489 490 1.190000 7 0.650000
490 491 1.250000 7 0.770000
491 492 1.250000 7 0.770000
492 493 1.250000 7 0.770000
493 494 1.250000 7 0.770000
494 495 1.250000 7 0.770000
495 496 1.250000 7 0.770000
496 497 1.190000 7 0.650000
497 498 1.250000 7 0.770000
498 499 1.190000 7 0.650000
499 500 1.250000 7 0.770000
500 501 1.250000 7 0.770000
501 502 1.190000 7 0.650000
502 503 1.190000 7 0.650000
503 504 1.190000 7 0.650000
504 505 1.250000 7 0.770000
505 506 1.250000 7 0.770000
506 507 1.260000 7 0.640000
507 508 1.190000 7 0.650000
508 509 1.190000 7 0.650000
509 510 1.250000 7 0.770000
510 511 1.240000 8 0.610000
511 512 1.200000 5 0.850000
512 513 1.370000 5 0.800000
513 514 1.170000 2 0.820000
514 515 1.200000 5 0.850000
515 516 1.200000 5 0.850000
516 517 1.190000 7 0.650000
517 518 1.200000 5 0.850000
518 519 1.100000 3 0.830000
519 520 1.350000 4 0.760000
520 521 1.190000 7 0.650000
521 522 1.250000 7 0.770000
522 523 1.190000 7 0.650000
523 524 1.250000 7 0.770000
524 525 1.190000 7 0.650000
525 526 1.190000 7 0.650000
526 527 1.130000 4 0.640000
527 528 1.190000 7 0.650000
528 529 1.190000 7 0.650000
529 530 1.250000 7 0.770000
530 531 1.250000 7 0.770000
531 532 1.190000 7 0.650000
532 533 1.190000 7 0.650000
533 534 1.130000 4 0.640000
534 535 1.190000 7 0.650000
535 536 1.190000 7 0.650000
536 537 1.190000 7 0.650000
537 538 1.250000 7 0.770000
538 539 1.250000 7 0.770000
539 540 1.250000 7 0.770000
540 541 1.190000 7 0.650000
541 542 1.190000 7 0.650000
542 543 1.250000 7 0.770000
543 544 1.190000 7 0.650000
544 545 1.250000 7 0.770000
545 546 1.250000 7 0.770000
546 547 1.130000 4 0.640000
547 548 1.250000 7 0.770000
548 549 1.130000 4 0.640000
549 550 1.130000 4 0.640000
550 551 1.100000 3 0.830000
551 552 1.130000 4 0.640000
552 553 1.250000 7 0.770000
553 554 1.150000 4 0.830000
554 555 1.200000 5 0.850000
555 556 1.190000 4 0.760000
556 557 1.200000 5 0.850000
557 558 1.130000 4 0.640000
558 559 1.130000 4 0.640000
559 560 1.130000 4 0.640000
560 561 1.250000 7 0.770000
561 562 1.250000 7 0.770000
562 563 1.250000 7 0.770000
563 564 1.130000 4 0.640000
564 565 1.250000 7 0.770000
565 566 1.250000 7 0.770000
566 567 1.250000 7 0.770000
567 568 1.130000 4 0.640000
568 569 1.250000 7 0.770000
569 570 1.250000 7 0.770000
570 571 1.170000 8 0.690000
571 572 1.130000 4 0.640000
572 573 1.240000 8 0.610000
573 574 1.200000 5 0.850000
574 575 1.320000 8 0.820000
575 576 1.240000 8 0.610000
576 577 1.260000 7 0.640000
577 578 1.200000 5 0.850000
578 579 1.240000 8 0.610000
579 580 1.260000 7 0.640000
580 581 1.200000 5 0.850000
581 582 1.200000 5 0.850000
582 583 1.200000 5 0.850000
583 584 1.190000 3 0.810000
584 585 1.170000 8 0.690000
585 586 1.260000 7 0.640000
586 587 1.220000 7 0.860000
587 588 1.260000 7 0.640000
588 589 1.240000 8 0.610000
589 590 1.240000 8 0.610000
590 591 1.210000 5 0.740000
591 592 1.170000 2 0.820000
592 593 1.240000 8 0.610000
593 594 1.240000 8 0.610000
594 595 1.240000 8 0.610000
595 596 1.190000 3 0.870000
596 597 1.190000 3 0.870000
597 598 1.200000 5 0.850000
598 599 1.240000 8 0.610000
599 600 1.240000 8 0.610000
600 601 1.240000 8 0.610000
601 602 1.240000 8 0.610000
602 603 1.250000 7 0.770000
603 604 1.360000 8 0.760000
604 605 1.260000 7 0.640000
605 606 1.250000 7 0.770000
606 607 1.200000 5 0.850000
607 608 1.190000 7 0.650000
608 609 1.190000 7 0.650000
609 610 1.200000 5 0.850000
610 611 1.260000 7 0.640000
611 612 1.250000 7 0.770000
612 613 1.250000 7 0.770000
613 614 1.250000 7 0.770000
614 615 1.250000 7 0.770000
615 616 1.190000 7 0.650000
616 617 1.130000 6 0.610000
617 618 1.340000 8 0.790000
618 619 1.190000 7 0.650000
619 620 1.250000 7 0.770000
620 621 1.200000 5 0.850000
621 622 1.250000 7 0.770000
622 623 1.250000 7 0.770000
623 624 1.250000 7 0.770000
624 625 1.250000 6 0.730000
625 626 1.250000 6 0.730000
626 627 1.130000 4 0.640000
627 628 1.260000 7 0.640000
628 629 1.200000 5 0.850000
629 630 1.120000 8 0.690000
630 631 1.120000 8 0.690000
631 632 1.200000 4 0.710000
632 633 1.120000 8 0.690000
633 634 1.260000 7 0.640000
634 635 1.120000 8 0.690000
635 636 1.130000 4 0.640000
636 637 1.250000 7 0.770000
637 638 1.120000 8 0.690000
638 639 1.120000 8 0.690000
639 640 1.120000 8 0.690000
640 641 1.130000 4 0.640000
641 642 1.340000 8 0.790000
642 643 1.200000 5 0.850000
643 644 1.200000 5 0.850000
644 645 1.200000 5 0.850000
645 646 1.120000 8 0.690000
646 647 1.210000 6 0.870000
647 648 1.200000 5 0.850000
648 649 1.200000 5 0.850000
649 650 1.260000 7 0.640000
650 651 1.260000 7 0.640000
651 652 1.260000 7 0.640000
652 653 1.260000 7 0.640000
653 654 1.220000 7 0.860000
654 655 1.250000 7 0.770000
655 656 1.260000 7 0.640000
656 657 1.210000 6 0.870000
657 658 1.130000 4 0.640000
658 659 1.260000 7 0.640000
659 660 1.260000 7 0.640000
660 661 1.200000 5 0.850000
661 662 1.210000 6 0.870000
662 663 1.210000 6 0.870000
663 664 1.210000 6 0.870000
664 665 1.260000 7 0.640000
665 666 1.260000 7 0.640000
666 667 1.110000 5 0.660000
667 668 1.220000 7 0.860000
668 669 1.250000 7 0.770000
669 670 1.360000 8 0.760000
670 671 1.250000 7 0.770000
671 672 1.260000 7 0.640000
672 673 1.260000 7 0.640000
673 674 1.360000 8 0.760000
674 675 1.240000 8 0.610000
675 676 1.240000 8 0.610000
676 677 1.190000 7 0.650000
677 678 1.190000 7 0.650000
678 679 1.260000 7 0.640000
679 680 1.220000 7 0.860000
680 681 1.250000 7 0.770000
681 682 1.190000 7 0.650000
682 683 1.320000 8 0.820000
683 684 1.360000 8 0.760000
684 685 1.260000 7 0.640000
685 686 1.360000 8 0.760000
686 687 1.220000 7 0.860000
687 688 1.190000 7 0.650000
688 689 1.360000 8 0.760000
689 690 1.360000 8 0.760000
690 691 1.370000 5 0.800000
691 692 1.130000 4 0.640000
692 693 1.190000 7 0.650000
693 694 1.130000 4 0.640000
694 695 1.260000 7 0.640000
695 696 1.200000 5 0.850000
696 697 1.190000 7 0.650000
697 698 1.190000 7 0.650000
698 699 1.160000 7 0.640000
699 700 1.210000 6 0.870000
700 701 1.190000 7 0.650000
701 702 1.130000 4 0.640000
702 703 1.190000 7 0.650000
703 704 1.200000 5 0.850000
704 705 1.130000 4 0.640000
705 706 1.210000 5 0.740000
706 707 1.130000 4 0.640000
707 708 1.250000 7 0.770000
708 709 1.360000 8 0.760000
709 710 1.280000 3 0.870000
710 711 1.200000 7 0.740000
711 712 1.200000 7 0.740000
712 713 1.230000 4 0.680000
713 714 1.220000 7 0.860000
714 715 1.220000 7 0.860000
715 716 1.390000 4 0.840000
716 717 1.280000 3 0.860000
717 718 1.220000 6 0.750000
718 719 1.260000 7 0.640000
719 720 1.100000 6 0.670000
720 721 1.130000 4 0.640000
721 722 1.200000 3 0.620000
722 723 1.200000 2 0.850000
723 724 1.370000 5 0.800000
724 725 1.260000 7 0.640000
725 726 1.370000 5 0.800000
726 727 1.130000 4 0.640000
727 728 1.280000 8 0.720000
728 729 1.240000 8 0.610000
729 730 1.240000 8 0.610000
730 731 1.190000 3 0.810000
731 732 1.190000 3 0.810000
732 733 1.190000 7 0.650000
733 734 1.370000 5 0.800000
734 735 1.250000 7 0.770000
735 736 1.130000 4 0.640000
736 737 1.130000 4 0.640000
737 738 1.280000 8 0.720000
738 739 1.260000 7 0.640000
739 740 1.260000 7 0.640000
740 741 1.100000 3 0.830000
741 742 1.190000 7 0.650000
742 743 1.190000 7 0.650000
743 744 1.190000 7 0.650000
744 745 1.190000 7 0.650000
745 746 1.190000 7 0.650000
746 747 1.260000 7 0.640000
747 748 1.280000 3 0.870000
748 749 1.280000 3 0.870000
749 750 1.210000 6 0.870000
750 751 1.130000 4 0.640000
751 752 1.190000 7 0.650000
752 753 1.240000 8 0.610000
753 754 1.200000 5 0.850000
754 755 1.150000 4 0.830000
755 756 1.370000 5 0.800000
756 757 1.360000 8 0.760000
757 758 1.360000 8 0.760000
758 759 1.130000 4 0.640000
759 760 1.200000 5 0.850000
760 761 1.200000 5 0.850000
761 762 1.220000 7 0.860000
762 763 1.240000 8 0.610000
763 764 1.300000 2 0.890000
764 765 1.220000 7 0.860000
765 766 1.260000 7 0.640000
766 767 1.190000 7 0.650000
767 768 1.220000 7 0.860000
768 769 1.370000 5 0.800000
769 770 1.190000 7 0.650000
770 771 1.190000 7 0.650000
771 772 1.190000 7 0.650000
772 773 1.130000 4 0.640000
773 774 1.130000 4 0.640000
774 775 1.130000 4 0.640000
775 776 1.130000 4 0.640000
776 777 1.250000 6 0.650000
777 778 1.130000 4 0.640000
778 779 1.190000 7 0.650000
779 780 1.370000 5 0.630000
780 781 1.300000 4 0.800000
781 782 1.360000 8 0.760000
782 783 1.280000 3 0.870000
783 784 1.260000 8 0.890000
784 785 1.370000 5 0.630000
785 786 1.190000 7 0.650000
786 787 1.200000 5 0.850000
787 788 1.200000 5 0.850000
788 789 1.220000 7 0.860000
789 790 1.280000 3 0.870000
790 791 1.120000 4 0.750000
791 792 1.300000 4 0.800000
792 793 1.280000 3 0.870000
793 794 1.240000 8 0.610000
794 795 1.240000 8 0.610000
795 796 1.190000 7 0.650000
796 797 1.260000 7 0.640000
797 798 1.100000 7 0.810000
798 799 1.260000 7 0.640000
799 800 1.260000 7 0.640000
800 801 1.240000 8 0.610000
801 802 1.210000 6 0.870000
802 803 1.260000 8 0.890000
803 804 1.250000 7 0.770000
804 805 1.190000 7 0.650000
805 806 1.260000 8 0.890000
806 807 1.130000 4 0.640000
807 808 1.130000 4 0.640000
808 809 1.220000 7 0.860000
809 810 1.170000 8 0.690000
810 811 1.220000 7 0.860000
811 812 1.240000 8 0.610000
812 813 1.360000 8 0.760000
813 814 1.360000 8 0.760000
814 815 1.260000 7 0.640000
815 816 1.200000 5 0.850000
816 817 1.250000 7 0.770000
817 818 1.260000 7 0.640000
818 819 1.260000 7 0.640000
819 820 1.260000 7 0.640000
820 821 1.220000 7 0.860000
821 822 1.160000 7 0.640000
822 823 1.190000 7 0.650000
823 824 1.190000 7 0.650000
824 825 1.190000 7 0.650000
825 826 1.190000 7 0.650000
826 827 1.260000 7 0.640000
827 828 1.370000 5 0.800000
828 829 1.130000 4 0.640000
829 830 1.370000 5 0.800000
830 831 1.370000 5 0.800000
831 832 1.370000 5 0.800000
832 833 1.190000 7 0.650000
833 834 1.190000 7 0.650000
834 835 1.190000 7 0.650000
835 836 1.190000 7 0.650000
836 837 1.240000 8 0.610000
837 838 1.200000 5 0.850000
838 839 1.190000 7 0.650000
839 840 1.160000 8 0.750000
840 841 1.190000 4 0.760000
841 842 1.360000 8 0.760000
842 843 1.200000 5 0.850000
843 844 1.260000 7 0.640000
844 845 1.190000 3 0.810000
845 846 1.200000 5 0.850000
846 847 1.190000 7 0.650000
847 848 1.360000 8 0.760000
848 849 1.190000 7 0.650000
849 850 1.360000 8 0.760000
850 851 1.190000 4 0.760000
851 852 1.280000 3 0.870000
852 853 1.360000 4 0.650000
853 854 1.200000 7 0.740000
854 855 1.200000 7 0.740000
855 856 1.260000 7 0.640000
856 857 1.260000 7 0.640000
857 858 1.220000 7 0.860000
858 859 1.200000 3 0.620000
859 860 1.260000 7 0.640000
860 861 1.260000 7 0.640000
861 862 1.260000 7 0.640000
862 863 1.200000 5 0.850000
863 864 1.220000 7 0.860000
864 865 1.280000 3 0.860000
865 866 1.210000 6 0.870000
866 867 1.280000 3 0.870000
867 868 1.340000 8 0.790000
868 869 1.130000 4 0.640000
869 870 1.260000 7 0.640000
870 871 1.130000 4 0.640000
871 872 1.260000 7 0.640000
872 873 1.260000 7 0.640000
873 874 1.260000 7 0.640000
874 875 1.260000 7 0.640000
875 876 1.110000 5 0.660000
876 877 1.130000 4 0.640000
877 878 1.130000 4 0.640000
878 879 1.130000 4 0.640000
879 880 1.370000 5 0.800000
880 881 1.260000 3 0.800000
881 882 1.130000 4 0.640000
882 883 1.370000 5 0.800000
883 884 1.360000 8 0.760000
884 885 1.370000 5 0.800000
885 886 1.370000 5 0.800000
886 887 1.190000 7 0.650000
887 888 1.190000 7 0.650000
888 889 1.260000 7 0.640000
889 890 1.190000 7 0.650000
890 891 1.220000 7 0.860000
891 892 1.220000 7 0.860000
892 893 1.220000 7 0.860000
893 894 1.260000 7 0.640000
894 895 1.280000 3 0.870000
895 896 1.220000 7 0.860000
896 897 1.220000 7 0.860000
897 898 1.190000 7 0.650000
898 899 1.190000 7 0.650000
899 900 1.190000 7 0.650000
900 901 1.200000 5 0.850000
901 902 1.360000 8 0.760000
902 903 1.130000 4 0.640000
903 904 1.220000 6 0.750000
904 905 1.210000 5 0.740000
905 906 1.210000 5 0.740000
906 907 1.220000 6 0.750000
907 908 1.200000 5 0.850000
908 909 1.220000 6 0.750000
909 910 1.260000 7 0.640000
910 911 1.260000 7 0.640000
911 912 1.190000 7 0.650000
912 913 1.190000 7 0.650000
913 914 1.260000 7 0.640000
914 915 1.110000 5 0.660000
915 916 1.200000 5 0.850000
916 917 1.220000 7 0.860000
917 918 1.190000 7 0.650000
918 919 1.220000 7 0.860000
919 920 1.260000 7 0.640000
920 921 1.190000 7 0.650000
921 922 1.370000 5 0.800000
922 923 1.220000 6 0.750000
923 924 1.260000 8 0.890000
924 925 1.370000 5 0.800000
925 926 1.370000 5 0.800000
926 927 1.370000 5 0.800000
927 928 1.130000 4 0.640000
928 929 1.260000 8 0.890000
929 930 1.280000 3 0.870000
930 931 1.190000 7 0.650000
931 932 1.220000 7 0.860000
932 933 1.360000 8 0.760000
933 934 1.220000 7 0.860000
934 935 1.220000 7 0.860000
935 936 1.190000 7 0.650000
936 937 1.190000 7 0.650000
937 938 1.190000 7 0.650000
938 939 1.190000 7 0.650000
939 940 1.220000 6 0.750000
940 941 1.280000 3 0.860000
941 942 1.250000 6 0.730000
942 943 1.260000 7 0.640000
943 944 1.200000 5 0.850000
944 945 1.220000 7 0.860000
945 946 1.360000 8 0.760000
946 947 1.200000 5 0.850000
947 948 1.310000 2 0.640000
948 949 1.190000 7 0.650000
949 950 1.250000 6 0.730000
950 951 1.190000 7 0.650000
951 952 1.130000 4 0.640000
952 953 1.200000 5 0.850000
953 954 1.220000 6 0.750000
954 955 1.190000 7 0.650000
955 956 1.190000 7 0.650000
956 957 1.220000 6 0.750000
957 958 1.130000 4 0.640000
958 959 1.200000 5 0.850000
959 960 1.340000 8 0.790000
960 961 1.360000 8 0.760000
961 962 1.190000 7 0.650000
962 963 1.260000 7 0.640000
963 964 1.260000 7 0.640000
964 965 1.220000 7 0.860000
965 966 1.220000 7 0.860000
966 967 1.130000 4 0.640000
967 968 1.130000 4 0.640000
968 969 1.130000 4 0.640000
969 970 1.130000 4 0.640000
970 971 1.220000 7 0.860000
971 972 1.220000 7 0.860000
972 973 1.190000 7 0.650000
973 974 1.260000 3 0.800000
974 975 1.220000 7 0.860000
975 976 1.190000 7 0.650000
976 977 1.220000 7 0.860000
977 978 1.220000 7 0.860000
978 979 1.220000 7 0.860000
979 980 1.260000 7 0.640000
980 981 1.240000 8 0.610000
981 982 1.260000 7 0.640000
982 983 1.200000 7 0.740000
983 984 1.300000 4 0.800000
984 985 1.240000 8 0.610000
985 986 1.260000 7 0.640000
986 987 1.240000 8 0.610000
987 988 1.260000 7 0.640000
988 989 1.260000 7 0.640000
989 990 1.240000 8 0.610000
990 991 1.240000 8 0.610000
991 992 1.190000 7 0.650000
992 993 1.260000 7 0.640000
993 994 1.190000 7 0.650000
994 995 1.350000 5 0.760000
995 996 1.200000 4 0.710000
996 997 1.190000 7 0.650000
997 998 1.190000 7 0.650000
998 999 1.200000 5 0.850000
999 1000 1.190000 3 0.810000
1000 1001 1.130000 4 0.640000
1001 1002 1.130000 4 0.640000
1002 1003 1.210000 6 0.870000
1003 1004 1.250000 7 0.770000
1004 1005 1.190000 7 0.650000
1005 1006 1.190000 7 0.650000
1006 1007 1.190000 7 0.650000
1007 1008 1.130000 4 0.640000
1008 1009 1.130000 4 0.640000
1009 1010 1.370000 5 0.800000
1010 1011 1.370000 5 0.800000
1011 1012 1.270000 5 0.750000
1012 1013 1.250000 7 0.770000
1013 1014 1.130000 4 0.640000
1014 1015 1.130000 4 0.640000
1015 1016 1.130000 4 0.640000
1016 1017 1.130000 4 0.640000
1017 1018 1.130000 4 0.640000
1018 1019 1.130000 4 0.640000
1019 1020 1.130000 6 0.610000
1020 1021 1.250000 7 0.770000
1021 1022 1.190000 7 0.650000
1022 1023 1.370000 5 0.800000
1023 1024 1.210000 6 0.870000
1024 1025 1.130000 4 0.640000
1025 1026 1.200000 5 0.850000
1026 1027 1.190000 7 0.650000
1027 1028 1.190000 3 0.810000
1028 1029 1.190000 3 0.810000
1029 1030 1.190000 3 0.810000
1030 1031 1.190000 7 0.650000
1031 1032 1.120000 8 0.690000
1032 1033 1.190000 3 0.810000
1033 1034 1.190000 3 0.810000
1034 1035 1.190000 3 0.810000
1035 1036 1.190000 3 0.810000
1036 1037 1.370000 5 0.800000
1037 1038 1.260000 3 0.800000
1038 1039 1.260000 3 0.800000
1039 1040 1.130000 4 0.640000
1040 1041 1.260000 7 0.640000
1041 1042 1.310000 4 0.710000
1042 1043 1.310000 4 0.710000
1043 1044 1.190000 7 0.650000
1044 1045 1.260000 7 0.640000
1045 1046 1.260000 7 0.640000
1046 1047 1.130000 4 0.640000
1047 1048 1.130000 4 0.640000
1048 1049 1.130000 4 0.640000
1049 1050 1.130000 4 0.640000
1050 1051 1.190000 7 0.650000
1051 1052 1.190000 7 0.650000
1052 1053 1.260000 7 0.640000
1053 1054 1.190000 7 0.650000
1054 1055 1.360000 8 0.760000
1055 1056 1.190000 7 0.650000
1056 1057 1.260000 7 0.640000
1057 1058 1.110000 5 0.660000
1058 1059 1.200000 5 0.850000
1059 1060 1.200000 3 0.620000
1060 1061 1.130000 4 0.640000
1061 1062 1.190000 7 0.650000
1062 1063 1.250000 7 0.770000
1063 1064 1.210000 6 0.870000
1064 1065 1.190000 7 0.650000
1065 1066 1.360000 8 0.760000
1066 1067 1.280000 8 0.720000
1067 1068 1.260000 7 0.640000
1068 1069 1.190000 7 0.650000
1069 1070 1.190000 7 0.650000
1070 1071 1.360000 8 0.760000
1071 1072 1.130000 4 0.640000
1072 1073 1.360000 8 0.760000
1073 1074 1.210000 6 0.870000
1074 1075 1.260000 3 0.800000
1075 1076 1.130000 4 0.640000
1076 1077 1.260000 7 0.640000
1077 1078 1.360000 8 0.760000
1078 1079 1.260000 7 0.640000
1079 1080 1.190000 3 0.810000
1080 1081 1.260000 7 0.640000
1081 1082 1.240000 8 0.610000
1082 1083 1.360000 8 0.760000
1083 1084 1.110000 6 0.870000
1084 1085 1.190000 7 0.650000
1085 1086 1.260000 7 0.640000
1086 1087 1.260000 7 0.640000
1087 1088 1.260000 7 0.640000
1088 1089 1.260000 7 0.640000
1089 1090 1.190000 7 0.650000
1090 1091 1.240000 8 0.610000
1091 1092 1.240000 8 0.610000
1092 1093 1.230000 2 0.740000
1093 1094 1.230000 4 0.680000
1094 1095 1.240000 8 0.610000
1095 1096 1.240000 8 0.610000
1096 1097 1.360000 8 0.760000
1097 1098 1.360000 8 0.760000
1098 1099 1.190000 7 0.650000
1099 1100 1.280000 3 0.860000
1100 1101 1.310000 2 0.640000
1101 1102 1.220000 7 0.860000
1102 1103 1.280000 3 0.870000
1103 1104 1.250000 7 0.770000
1104 1105 1.190000 7 0.650000
1105 1106 1.200000 5 0.850000
1106 1107 1.220000 7 0.860000
1107 1108 1.220000 7 0.860000
1108 1109 1.190000 3 0.810000
1109 1110 1.190000 7 0.650000
1110 1111 1.190000 7 0.650000
1111 1112 1.190000 7 0.650000
1112 1113 1.190000 7 0.650000
1113 1114 1.190000 7 0.650000
1114 1115 1.260000 7 0.640000
1115 1116 1.190000 7 0.650000
1116 1117 1.200000 5 0.850000
1117 1118 1.190000 7 0.650000
1118 1119 1.250000 6 0.730000
1119 1120 1.190000 7 0.650000
1120 1121 1.190000 7 0.650000
1121 1122 1.220000 7 0.860000
1122 1123 1.200000 5 0.850000
1123 1124 1.240000 8 0.610000
1124 1125 1.220000 7 0.860000
1125 1126 1.220000 7 0.860000
1126 1127 1.220000 7 0.860000
1127 1128 1.250000 7 0.770000
1128 1129 1.240000 8 0.610000
1129 1130 1.240000 8 0.610000
1130 1131 1.360000 8 0.760000
1131 1132 1.190000 7 0.650000
1132 1133 1.190000 7 0.650000
1133 1134 1.130000 4 0.640000
1134 1135 1.200000 5 0.850000
1135 1136 1.360000 8 0.760000
1136 1137 1.130000 4 0.640000
1137 1138 1.280000 8 0.720000
1138 1139 1.220000 7 0.860000
1139 1140 1.190000 4 0.760000
1140 1141 1.210000 7 0.680000
1141 1142 1.190000 4 0.760000
1142 1143 1.240000 8 0.610000
1143 1144 1.280000 3 0.870000
1144 1145 1.190000 4 0.760000
1145 1146 1.220000 7 0.860000
1146 1147 1.220000 7 0.860000
1147 1148 1.390000 4 0.840000
1148 1149 1.350000 5 0.760000
1149 1150 1.290000 8 0.760000
1150 1151 1.210000 6 0.870000
1151 1152 1.210000 6 0.870000
1152 1153 1.140000 4 0.660000
1153 1154 1.250000 7 0.770000
1154 1155 1.190000 7 0.650000
1155 1156 1.370000 5 0.800000
1156 1157 1.190000 7 0.650000
1157 1158 1.260000 8 0.890000
1158 1159 1.200000 5 0.850000
1159 1160 1.280000 3 0.870000
1160 1161 1.190000 7 0.650000
1161 1162 1.220000 7 0.860000
1162 1163 1.220000 7 0.860000
1163 1164 1.260000 8 0.890000
1164 1165 1.120000 4 0.750000
1165 1166 1.260000 3 0.800000
1166 1167 1.220000 7 0.860000
1167 1168 1.360000 8 0.760000
1168 1169 1.360000 8 0.760000
1169 1170 1.360000 8 0.760000
1170 1171 1.230000 4 0.680000
1171 1172 1.130000 4 0.640000
1172 1173 1.280000 7 0.870000
1173 1174 1.200000 4 0.640000
1174 1175 1.130000 4 0.640000
1175 1176 1.250000 7 0.770000
1176 1177 1.260000 7 0.640000
1177 1178 1.360000 8 0.760000
1178 1179 1.260000 7 0.640000
1179 1180 1.190000 7 0.650000
1180 1181 1.200000 5 0.850000
1181 1182 1.260000 7 0.640000
1182 1183 1.190000 7 0.650000
1183 1184 1.130000 4 0.640000
1184 1185 1.130000 4 0.640000
1185 1186 1.260000 7 0.640000
1186 1187 1.240000 8 0.610000
1187 1188 1.260000 7 0.640000
1188 1189 1.260000 7 0.640000
1189 1190 1.190000 7 0.650000
1190 1191 1.190000 7 0.650000
1191 1192 1.200000 5 0.850000
1192 1193 1.200000 5 0.850000
1193 1194 1.250000 7 0.770000
1194 1195 1.200000 5 0.850000
1195 1196 1.360000 4 0.650000
1196 1197 1.360000 8 0.760000
1197 1198 1.360000 8 0.760000
1198 1199 1.360000 8 0.760000
1199 1200 1.260000 7 0.640000
1200 1201 1.260000 7 0.640000
1201 1202 1.200000 5 0.850000
1202 1203 1.130000 4 0.640000
1203 1204 1.260000 7 0.640000
1204 1205 1.260000 7 0.640000
1205 1206 1.260000 7 0.640000
1206 1207 1.220000 7 0.860000
1207 1208 1.190000 4 0.760000
1208 1209 1.240000 8 0.610000
1209 1210 1.280000 3 0.870000
1210 1211 1.260000 7 0.640000
1211 1212 1.350000 5 0.760000
1212 1213 1.200000 5 0.850000
1213 1214 1.360000 8 0.760000
1214 1215 1.260000 7 0.640000
1215 1216 1.260000 7 0.640000
1216 1217 1.260000 7 0.640000
1217 1218 1.260000 7 0.640000
1218 1219 1.200000 5 0.850000
1219 1220 1.200000 5 0.850000
1220 1221 1.130000 6 0.610000
1221 1222 1.130000 6 0.610000
1222 1223 1.200000 5 0.850000
1223 1224 1.200000 5 0.850000
1224 1225 1.130000 4 0.640000
1225 1226 1.120000 8 0.690000
1226 1227 1.370000 5 0.800000
1227 1228 1.200000 5 0.850000
1228 1229 1.200000 5 0.850000
1229 1230 1.220000 7 0.860000
1230 1231 1.220000 7 0.860000
1231 1232 1.160000 7 0.640000
1232 1233 1.200000 5 0.850000
1233 1234 1.330000 3 0.740000
1234 1235 1.260000 7 0.640000
1235 1236 1.130000 4 0.640000
1236 1237 1.190000 7 0.650000
1237 1238 1.250000 7 0.770000
1238 1239 1.190000 7 0.650000
1239 1240 1.210000 6 0.870000
1240 1241 1.190000 7 0.650000
1241 1242 1.190000 7 0.650000
1242 1243 1.260000 7 0.640000
1243 1244 1.260000 7 0.640000
1244 1245 1.260000 7 0.640000
1245 1246 1.260000 7 0.640000
1246 1247 1.250000 7 0.770000
1247 1248 1.260000 7 0.640000
1248 1249 1.260000 7 0.640000
1249 1250 1.240000 8 0.610000
1250 1251 1.190000 7 0.650000
1251 1252 1.260000 7 0.640000
1252 1253 1.190000 7 0.650000
1253 1254 1.190000 7 0.650000
1254 1255 1.360000 8 0.760000
1255 1256 1.260000 7 0.640000
1256 1257 1.360000 8 0.760000
1257 1258 1.220000 7 0.860000
1258 1259 1.220000 7 0.860000
1259 1260 1.210000 5 0.740000
1260 1261 1.200000 5 0.850000
1261 1262 1.220000 7 0.860000
1262 1263 1.200000 5 0.850000
1263 1264 1.170000 8 0.690000
1264 1265 1.240000 8 0.610000
1265 1266 1.190000 4 0.760000
1266 1267 1.240000 8 0.610000
1267 1268 1.190000 4 0.760000
1268 1269 1.250000 7 0.770000
1269 1270 1.250000 7 0.770000
1270 1271 1.260000 7 0.640000
1271 1272 1.260000 7 0.640000
1272 1273 1.260000 7 0.640000
1273 1274 1.190000 7 0.650000
1274 1275 1.190000 7 0.650000
1275 1276 1.200000 5 0.850000
1276 1277 1.200000 5 0.850000
1277 1278 1.130000 4 0.640000
1278 1279 1.190000 7 0.650000
1279 1280 1.240000 8 0.610000
1280 1281 1.240000 8 0.610000
1281 1282 1.360000 8 0.760000
1282 1283 1.250000 7 0.770000
1283 1284 1.200000 3 0.620000
1284 1285 1.200000 3 0.620000
1285 1286 1.190000 7 0.650000
1286 1287 1.220000 7 0.860000
1287 1288 1.250000 7 0.770000
1288 1289 1.190000 7 0.650000
1289 1290 1.210000 6 0.870000
1290 1291 1.210000 6 0.870000
1291 1292 1.220000 7 0.860000
1292 1293 1.220000 6 0.750000
1293 1294 1.220000 4 0.620000
1294 1295 1.190000 7 0.650000
1295 1296 1.190000 7 0.650000
1296 1297 1.190000 7 0.650000
1297 1298 1.210000 6 0.870000
1298 1299 1.130000 4 0.640000
1299 1300 1.220000 7 0.860000
1300 1301 1.200000 5 0.850000
1301 1302 1.200000 5 0.850000
1302 1303 1.190000 7 0.650000
1303 1304 1.190000 7 0.650000
1304 1305 1.190000 7 0.650000
1305 1306 1.190000 7 0.650000
1306 1307 1.160000 4 0.860000
1307 1308 1.260000 7 0.640000
1308 1309 1.200000 5 0.850000
1309 1310 1.260000 7 0.640000
1310 1311 1.260000 7 0.640000
1311 1312 1.130000 4 0.640000
1312 1313 1.260000 7 0.640000
1313 1314 1.360000 8 0.760000
1314 1315 1.130000 4 0.640000
1315 1316 1.130000 4 0.640000
1316 1317 1.130000 4 0.640000
1317 1318 1.130000 4 0.640000
1318 1319 1.260000 3 0.800000
1319 1320 1.180000 7 0.790000
1320 1321 1.220000 7 0.860000
1321 1322 1.260000 7 0.640000
1322 1323 1.130000 4 0.640000
1323 1324 1.260000 3 0.800000
1324 1325 1.200000 5 0.850000
1325 1326 1.260000 7 0.640000
1326 1327 1.260000 7 0.640000
1327 1328 1.280000 8 0.720000
1328 1329 1.170000 8 0.690000
1329 1330 1.260000 7 0.640000
1330 1331 1.260000 7 0.640000
1331 1332 1.190000 7 0.650000
1332 1333 1.260000 7 0.640000
1333 1334 1.260000 7 0.640000
1334 1335 1.260000 7 0.640000
1335 1336 1.220000 7 0.860000
1336 1337 1.220000 7 0.860000
1337 1338 1.280000 3 0.870000
1338 1339 1.260000 7 0.640000
1339 1340 1.190000 7 0.650000
1340 1341 1.220000 7 0.860000
1341 1342 1.280000 3 0.870000
1342 1343 1.170000 8 0.690000
1343 1344 1.370000 2 0.800000
1344 1345 1.190000 7 0.650000
1345 1346 1.190000 7 0.650000
1346 1347 1.260000 7 0.640000
1347 1348 1.190000 7 0.650000
1348 1349 1.250000 7 0.770000
1349 1350 1.260000 7 0.640000
1350 1351 1.250000 7 0.770000
1351 1352 1.280000 3 0.870000
1352 1353 1.190000 7 0.650000
1353 1354 1.130000 4 0.640000
1354 1355 1.130000 4 0.640000
1355 1356 1.130000 4 0.640000
1356 1357 1.130000 4 0.640000
1357 1358 1.130000 4 0.640000
1358 1359 1.130000 4 0.640000
1359 1360 1.130000 4 0.640000
1360 1361 1.130000 4 0.640000
1361 1362 1.130000 4 0.640000
1362 1363 1.360000 8 0.760000
1363 1364 1.130000 4 0.640000
1364 1365 1.130000 4 0.640000
1365 1366 1.130000 4 0.640000
1366 1367 1.130000 4 0.640000
1367 1368 1.130000 4 0.640000
1368 1369 1.130000 4 0.640000
1369 1370 1.130000 4 0.640000
1370 1371 1.130000 4 0.640000
1371 1372 1.130000 4 0.640000
1372 1373 1.130000 4 0.640000
1373 1374 1.130000 4 0.640000
1374 1375 1.130000 4 0.640000
1375 1376 1.130000 4 0.640000
1376 1377 1.130000 4 0.640000
1377 1378 1.130000 4 0.640000
1378 1379 1.220000 7 0.860000
1379 1380 1.130000 4 0.640000
1380 1381 1.280000 3 0.870000
1381 1382 1.200000 7 0.740000
1382 1383 1.260000 7 0.640000
1383 1384 1.130000 4 0.640000
1384 1385 1.190000 7 0.650000
1385 1386 1.220000 7 0.860000
1386 1387 1.220000 7 0.860000
1387 1388 1.220000 7 0.860000
1388 1389 1.220000 7 0.860000
1389 1390 1.340000 8 0.790000
1390 1391 1.220000 7 0.860000
1391 1392 1.140000 7 0.610000
1392 1393 1.140000 7 0.610000
1393 1394 1.220000 7 0.860000
1394 1395 1.310000 4 0.780000
1395 1396 1.220000 7 0.860000
1396 1397 1.220000 7 0.860000
1397 1398 1.160000 4 0.860000
1398 1399 1.170000 8 0.690000
1399 1400 1.190000 7 0.650000
1400 1401 1.260000 7 0.640000
1401 1402 1.260000 7 0.640000
1402 1403 1.260000 7 0.640000
1403 1404 1.260000 7 0.640000
1404 1405 1.360000 8 0.760000
1405 1406 1.190000 7 0.650000
1406 1407 1.260000 7 0.640000
1407 1408 1.260000 7 0.640000
1408 1409 1.260000 7 0.640000
1409 1410 1.260000 7 0.640000
1410 1411 1.130000 4 0.640000
1411 1412 1.300000 6 0.670000
1412 1413 1.300000 6 0.670000
1413 1414 1.300000 6 0.670000
1414 1415 1.280000 2 0.880000
1415 1416 1.260000 7 0.640000
1416 1417 1.210000 5 0.740000
1417 1418 1.280000 2 0.880000
1418 1419 1.260000 3 0.800000
1419 1420 1.190000 7 0.650000
1420 1421 1.190000 7 0.650000
1421 1422 1.260000 7 0.640000
1422 1423 1.130000 4 0.640000
1423 1424 1.130000 4 0.640000
1424 1425 1.130000 4 0.640000
1425 1426 1.130000 4 0.640000
1426 1427 1.220000 6 0.750000
1427 1428 1.130000 4 0.640000
1428 1429 1.220000 6 0.750000
1429 1430 1.220000 6 0.750000
1430 1431 1.160000 7 0.640000
1431 1432 1.260000 3 0.800000
1432 1433 1.130000 4 0.640000
1433 1434 1.220000 6 0.750000
1434 1435 1.220000 6 0.750000
1435 1436 1.220000 7 0.860000
1436 1437 1.370000 5 0.800000
1437 1438 1.370000 5 0.800000
1438 1439 1.200000 5 0.850000
1439 1440 1.360000 8 0.760000
1440 1441 1.220000 7 0.860000
1441 1442 1.220000 7 0.860000
1442 1443 1.220000 7 0.860000
1443 1444 1.200000 5 0.850000
1444 1445 1.360000 8 0.760000
1445 1446 1.200000 5 0.850000
1446 1447 1.200000 5 0.850000
1447 1448 1.200000 5 0.850000
1448 1449 1.220000 7 0.860000
1449 1450 1.190000 7 0.650000
1450 1451 1.190000 7 0.650000
1451 1452 1.280000 3 0.860000
1452 1453 1.300000 5 0.820000
1453 1454 1.220000 7 0.860000
1454 1455 1.220000 7 0.860000
1455 1456 1.220000 7 0.860000
1456 1457 1.220000 7 0.860000
1457 1458 1.220000 7 0.860000
1458 1459 1.280000 3 0.870000
1459 1460 1.220000 7 0.860000
1460 1461 1.240000 8 0.610000
1461 1462 1.240000 8 0.610000
1462 1463 1.220000 7 0.860000
1463 1464 1.220000 7 0.860000
1464 1465 1.220000 7 0.860000
1465 1466 1.240000 8 0.610000
1466 1467 1.240000 8 0.610000
1467 1468 1.250000 7 0.770000
1468 1469 1.260000 7 0.640000
1469 1470 1.260000 7 0.640000
1470 1471 1.280000 7 0.810000
1471 1472 1.260000 7 0.640000
1472 1473 1.190000 4 0.760000
1473 1474 1.190000 7 0.650000
1474 1475 1.240000 8 0.610000
1475 1476 1.240000 8 0.610000
1476 1477 1.260000 7 0.640000
1477 1478 1.190000 7 0.650000
1478 1479 1.190000 7 0.650000
1479 1480 1.280000 3 0.870000
1480 1481 1.260000 7 0.640000
1481 1482 1.190000 7 0.650000
1482 1483 1.110000 5 0.660000
1483 1484 1.220000 7 0.860000
1484 1485 1.360000 4 0.650000
1485 1486 1.200000 5 0.850000
1486 1487 1.300000 4 0.800000
1487 1488 1.200000 7 0.740000
1488 1489 1.200000 5 0.850000
1489 1490 1.280000 3 0.870000
1490 1491 1.240000 8 0.610000
1491 1492 1.240000 8 0.610000
1492 1493 1.190000 7 0.650000
1493 1494 1.250000 7 0.770000
1494 1495 1.260000 7 0.640000
1495 1496 1.190000 7 0.650000
1496 1497 1.230000 4 0.680000
1497 1498 1.260000 5 0.810000
1498 1499 1.130000 4 0.640000
1499 1500 1.190000 7 0.650000
1500 1501 1.190000 7 0.650000
1501 1502 1.200000 5 0.850000
1502 1503 1.230000 2 0.740000
1503 1504 1.200000 5 0.850000
1504 1505 1.200000 5 0.850000
1505 1506 1.190000 7 0.650000
1506 1507 1.190000 4 0.760000
1507 1508 1.290000 8 0.760000
1508 1509 1.190000 7 0.650000
1509 1510 1.200000 5 0.850000
1510 1511 1.220000 5 0.630000
1511 1512 1.370000 5 0.800000
1512 1513 1.190000 7 0.650000
1513 1514 1.230000 3 0.600000
1514 1515 1.190000 7 0.650000
1515 1516 1.240000 8 0.610000
1516 1517 1.220000 7 0.660000
1517 1518 1.190000 7 0.650000
1518 1519 1.250000 7 0.770000
1519 1520 1.250000 7 0.770000
1520 1521 1.190000 7 0.650000
1521 1522 1.190000 7 0.650000
1522 1523 1.190000 7 0.650000
1523 1524 1.190000 7 0.650000
1524 1525 1.190000 7 0.650000
1525 1526 1.190000 7 0.650000
1526 1527 1.190000 7 0.650000
1527 1528 1.190000 7 0.650000
1528 1529 1.190000 7 0.650000
1529 1530 1.190000 7 0.650000
1530 1531 1.190000 7 0.650000
1531 1532 1.200000 5 0.850000
1532 1533 1.250000 4 0.790000
1533 1534 1.130000 4 0.640000
1534 1535 1.190000 7 0.650000
1535 1536 1.190000 7 0.650000
1536 1537 1.190000 7 0.650000
1537 1538 1.190000 7 0.650000
1538 1539 1.250000 7 0.770000
1539 1540 1.250000 7 0.770000
1540 1541 1.130000 4 0.640000
1541 1542 1.370000 5 0.800000
1542 1543 1.250000 7 0.770000
1543 1544 1.100000 3 0.830000
1544 1545 1.200000 5 0.850000
1545 1546 1.240000 8 0.610000
1546 1547 1.100000 3 0.830000
1547 1548 1.190000 7 0.650000
1548 1549 1.190000 7 0.650000
1549 1550 1.130000 4 0.640000
1550 1551 1.190000 7 0.650000
1551 1552 1.190000 7 0.650000
1552 1553 1.250000 7 0.770000
1553 1554 1.380000 6 0.650000
1554 1555 1.200000 5 0.850000
1555 1556 1.240000 8 0.610000
1556 1557 1.170000 8 0.770000
1557 1558 1.190000 7 0.650000
1558 1559 1.240000 8 0.610000
1559 1560 1.190000 7 0.650000
1560 1561 1.190000 7 0.650000
1561 1562 1.240000 8 0.610000
1562 1563 1.130000 4 0.640000
1563 1564 1.130000 4 0.640000
1564 1565 1.130000 4 0.640000
1565 1566 1.300000 5 0.820000
1566 1567 1.370000 5 0.800000
1567 1568 1.190000 7 0.650000
1568 1569 1.250000 7 0.770000
1569 1570 1.190000 7 0.650000
1570 1571 1.190000 7 0.650000
1571 1572 1.190000 7 0.650000
1572 1573 1.130000 4 0.640000
1573 1574 1.130000 4 0.640000
1574 1575 1.130000 4 0.640000
1575 1576 1.240000 8 0.610000
1576 1577 1.190000 7 0.650000
1577 1578 1.200000 5 0.850000
1578 1579 1.200000 5 0.850000
1579 1580 1.250000 7 0.770000
1580 1581 1.250000 7 0.770000
1581 1582 1.250000 7 0.770000
1582 1583 1.190000 7 0.650000
1583 1584 1.190000 7 0.650000
1584 1585 1.190000 7 0.650000
1585 1586 1.190000 7 0.650000
1586 1587 1.320000 8 0.820000
1587 1588 1.200000 5 0.850000
1588 1589 1.240000 8 0.610000
1589 1590 1.200000 5 0.850000
1590 1591 1.200000 5 0.850000
1591 1592 1.200000 5 0.850000
1592 1593 1.320000 8 0.820000
1593 1594 1.190000 7 0.650000
1594 1595 1.270000 5 0.750000
1595 1596 1.280000 3 0.860000
1596 1597 1.190000 7 0.650000
1597 1598 1.190000 7 0.650000
1598 1599 1.130000 4 0.640000
1599 1600 1.130000 4 0.640000
1600 1601 1.130000 4 0.640000
1601 1602 1.280000 3 0.860000
1602 1603 1.200000 5 0.850000
1603 1604 1.200000 5 0.850000
1604 1605 1.250000 7 0.770000
1605 1606 1.190000 7 0.650000
1606 1607 1.220000 6 0.750000
1607 1608 1.110000 5 0.620000
1608 1609 1.200000 5 0.850000
1609 1610 1.250000 7 0.770000
1610 1611 1.250000 7 0.770000
1611 1612 1.130000 4 0.640000
1612 1613 1.190000 7 0.650000
1613 1614 1.240000 8 0.610000
1614 1615 1.240000 8 0.610000
1615 1616 1.250000 7 0.770000
1616 1617 1.130000 4 0.640000
1617 1618 1.250000 7 0.770000
1618 1619 1.130000 4 0.640000
1619 1620 1.200000 4 0.810000
1620 1621 1.240000 8 0.610000
1621 1622 1.130000 4 0.640000
1622 1623 1.190000 7 0.650000
1623 1624 1.190000 7 0.650000
1624 1625 1.280000 3 0.860000
1625 1626 1.190000 7 0.650000
1626 1627 1.250000 7 0.770000
1627 1628 1.190000 7 0.650000
1628 1629 1.250000 7 0.770000
1629 1630 1.240000 8 0.610000
1630 1631 1.280000 3 0.860000
1631 1632 1.200000 5 0.850000
1632 1633 1.190000 7 0.650000
1633 1634 1.190000 7 0.650000
1634 1635 1.190000 7 0.650000
1635 1636 1.190000 7 0.650000
1636 1637 1.250000 7 0.770000
1637 1638 1.240000 8 0.610000
1638 1639 1.130000 4 0.640000
1639 1640 1.130000 4 0.640000
1640 1641 1.390000 6 0.650000
1641 1642 1.250000 7 0.770000
1642 1643 1.200000 5 0.850000
1643 1644 1.260000 7 0.640000
1644 1645 1.200000 5 0.850000
1645 1646 1.190000 4 0.760000
1646 1647 1.220000 7 0.860000
1647 1648 1.190000 7 0.650000
1648 1649 1.130000 4 0.640000
1649 1650 1.200000 5 0.850000
1650 1651 1.190000 7 0.650000
1651 1652 1.190000 7 0.650000
1652 1653 1.200000 5 0.850000
1653 1654 1.200000 5 0.850000
1654 1655 1.240000 8 0.610000
1655 1656 1.370000 8 0.670000
1656 1657 1.250000 7 0.770000
1657 1658 1.250000 7 0.770000
1658 1659 1.250000 7 0.770000
1659 1660 1.240000 8 0.610000
1660 1661 1.190000 7 0.650000
1661 1662 1.250000 3 0.630000
1662 1663 1.300000 5 0.820000
1663 1664 1.320000 8 0.820000
1664 1665 1.190000 7 0.650000
1665 1666 1.200000 5 0.850000
1666 1667 1.250000 7 0.770000
1667 1668 1.200000 5 0.850000
1668 1669 1.260000 7 0.640000
1669 1670 1.190000 7 0.650000
1670 1671 1.190000 7 0.650000
1671 1672 1.320000 8 0.820000
1672 1673 1.190000 7 0.650000
1673 1674 1.190000 7 0.650000
1674 1675 1.190000 7 0.650000
1675 1676 1.250000 7 0.770000
1676 1677 1.250000 7 0.770000
1677 1678 1.250000 7 0.770000
1678 1679 1.190000 7 0.650000
1679 1680 1.190000 7 0.650000
1680 1681 1.250000 7 0.770000
1681 1682 1.240000 8 0.610000
1682 1683 1.200000 5 0.850000
1683 1684 1.240000 8 0.610000
1684 1685 1.300000 5 0.820000
1685 1686 1.300000 5 0.820000
1686 1687 1.240000 7 0.710000
1687 1688 1.220000 7 0.860000
1688 1689 1.360000 8 0.760000
1689 1690 1.280000 3 0.870000
1690 1691 1.190000 7 0.650000
1691 1692 1.190000 7 0.650000
1692 1693 1.280000 3 0.870000
1693 1694 1.340000 8 0.790000
1694 1695 1.270000 5 0.700000
1695 1696 1.380000 3 0.890000
1696 1697 1.240000 8 0.610000
1697 1698 1.200000 5 0.850000
1698 1699 1.200000 5 0.850000
1699 1700 1.190000 7 0.650000
1700 1701 1.190000 7 0.650000
1701 1702 1.190000 7 0.650000
1702 1703 1.190000 7 0.650000
1703 1704 1.250000 7 0.770000
1704 1705 1.190000 7 0.650000
1705 1706 1.200000 5 0.850000
1706 1707 1.190000 7 0.650000
1707 1708 1.200000 5 0.850000
1708 1709 1.190000 7 0.650000
1709 1710 1.190000 7 0.650000
1710 1711 1.190000 7 0.650000
1711 1712 1.190000 7 0.650000
1712 1713 1.190000 7 0.650000
1713 1714 1.190000 7 0.650000
1714 1715 1.190000 7 0.650000
1715 1716 1.190000 7 0.650000
1716 1717 1.260000 7 0.640000
1717 1718 1.190000 7 0.650000
1718 1719 1.200000 5 0.850000
1719 1720 1.190000 7 0.650000
1720 1721 1.190000 7 0.650000
1721 1722 1.250000 7 0.770000
1722 1723 1.130000 4 0.640000
1723 1724 1.350000 5 0.760000
1724 1725 1.240000 8 0.610000
1725 1726 1.240000 8 0.610000
1726 1727 1.250000 7 0.770000
1727 1728 1.200000 5 0.850000
1728 1729 1.190000 7 0.650000
1729 1730 1.190000 7 0.650000
1730 1731 1.190000 7 0.650000
1731 1732 1.250000 7 0.770000
1732 1733 1.190000 7 0.650000
1733 1734 1.190000 7 0.650000
1734 1735 1.240000 8 0.610000
1735 1736 1.170000 3 0.640000
1736 1737 1.200000 5 0.850000
1737 1738 1.210000 5 0.740000
1738 1739 1.130000 4 0.640000
1739 1740 1.260000 7 0.640000
1740 1741 1.190000 7 0.650000
1741 1742 1.190000 7 0.650000
1742 1743 1.190000 7 0.650000
1743 1744 1.130000 4 0.640000
1744 1745 1.190000 7 0.650000
1745 1746 1.190000 7 0.650000
1746 1747 1.190000 7 0.650000
1747 1748 1.260000 7 0.640000
1748 1749 1.190000 7 0.650000
1749 1750 1.190000 7 0.650000
1750 1751 1.200000 5 0.850000
1751 1752 1.250000 7 0.770000
1752 1753 1.190000 7 0.650000
1753 1754 1.240000 8 0.610000
1754 1755 1.190000 7 0.650000
1755 1756 1.200000 5 0.850000
1756 1757 1.190000 7 0.650000
1757 1758 1.130000 4 0.640000
1758 1759 1.320000 8 0.820000
1759 1760 1.190000 7 0.650000
1760 1761 1.190000 7 0.650000
1761 1762 1.250000 7 0.770000
1762 1763 1.190000 4 0.760000
1763 1764 1.190000 7 0.650000
1764 1765 1.210000 6 0.870000
1765 1766 1.240000 8 0.610000
1766 1767 1.190000 4 0.760000
1767 1768 1.210000 6 0.870000
1768 1769 1.240000 8 0.610000
1769 1770 1.190000 7 0.650000
1770 1771 1.250000 7 0.770000
1771 1772 1.130000 4 0.640000
1772 1773 1.130000 4 0.640000
1773 1774 1.390000 6 0.650000
1774 1775 1.220000 7 0.860000
1775 1776 1.190000 7 0.650000
1776 1777 1.220000 7 0.860000
1777 1778 1.280000 3 0.870000
1778 1779 1.220000 7 0.860000
1779 1780 1.190000 7 0.650000
1780 1781 1.260000 7 0.640000
1781 1782 1.240000 8 0.610000
1782 1783 1.190000 7 0.650000
1783 1784 1.240000 8 0.610000
1784 1785 1.130000 4 0.640000
1785 1786 1.190000 7 0.650000
1786 1787 1.250000 7 0.770000
1787 1788 1.240000 8 0.610000
1788 1789 1.250000 7 0.770000
1789 1790 1.250000 7 0.770000
1790 1791 1.240000 8 0.610000
1791 1792 1.200000 5 0.850000
1792 1793 1.200000 5 0.850000
1793 1794 1.200000 5 0.850000
1794 1795 1.200000 5 0.850000
1795 1796 1.190000 4 0.760000
1796 1797 1.240000 8 0.610000
1797 1798 1.100000 2 0.600000
1798 1799 1.190000 7 0.650000
1799 1800 1.190000 7 0.650000
1800 1801 1.190000 7 0.650000
1801 1802 1.190000 7 0.650000
1802 1803 1.190000 7 0.650000
1803 1804 1.240000 8 0.610000
1804 1805 1.260000 7 0.640000
1805 1806 1.190000 7 0.650000
1806 1807 1.190000 7 0.650000
1807 1808 1.240000 8 0.610000
1808 1809 1.190000 7 0.650000
1809 1810 1.190000 7 0.650000
1810 1811 1.190000 7 0.650000
1811 1812 1.190000 7 0.650000
1812 1813 1.240000 8 0.610000
1813 1814 1.190000 4 0.760000
1814 1815 1.190000 7 0.650000
1815 1816 1.190000 7 0.650000
1816 1817 1.250000 7 0.770000
1817 1818 1.320000 8 0.820000
1818 1819 1.250000 7 0.770000
1819 1820 1.190000 7 0.650000
1820 1821 1.250000 7 0.770000
1821 1822 1.200000 5 0.850000
1822 1823 1.190000 7 0.650000
1823 1824 1.190000 7 0.650000
1824 1825 1.190000 7 0.650000
1825 1826 1.190000 7 0.650000
1826 1827 1.200000 5 0.850000
1827 1828 1.250000 7 0.770000
1828 1829 1.190000 4 0.760000
1829 1830 1.190000 7 0.650000
1830 1831 1.190000 7 0.650000
1831 1832 1.190000 7 0.650000
1832 1833 1.240000 8 0.610000
1833 1834 1.130000 4 0.640000
1834 1835 1.130000 4 0.640000
1835 1836 1.190000 7 0.650000
1836 1837 1.130000 4 0.640000
1837 1838 1.190000 7 0.650000
1838 1839 1.130000 4 0.640000
1839 1840 1.220000 7 0.860000
1840 1841 1.220000 7 0.860000
1841 1842 1.220000 7 0.860000
1842 1843 1.390000 6 0.650000
1843 1844 1.190000 7 0.650000
1844 1845 1.130000 4 0.640000
1845 1846 1.190000 7 0.650000
1846 1847 1.130000 3 0.800000
1847 1848 1.240000 8 0.610000
1848 1849 1.360000 5 0.790000
1849 1850 1.190000 7 0.650000
1850 1851 1.190000 7 0.650000
1851 1852 1.200000 5 0.850000
1852 1853 1.360000 4 0.650000
1853 1854 1.250000 7 0.770000
1854 1855 1.200000 7 0.740000
1855 1856 1.200000 5 0.850000
1856 1857 1.250000 7 0.770000
1857 1858 1.190000 7 0.650000
1858 1859 1.200000 5 0.850000
1859 1860 1.190000 7 0.650000
1860 1861 1.190000 7 0.650000
1861 1862 1.190000 7 0.650000
1862 1863 1.190000 7 0.650000
1863 1864 1.190000 7 0.650000
1864 1865 1.190000 7 0.650000
1865 1866 1.300000 5 0.820000
1866 1867 1.300000 5 0.820000
1867 1868 1.190000 7 0.650000
1868 1869 1.190000 7 0.650000
1869 1870 1.250000 7 0.770000
1870 1871 1.190000 7 0.650000
1871 1872 1.190000 7 0.650000
1872 1873 1.250000 7 0.770000
1873 1874 1.250000 7 0.770000
1874 1875 1.240000 8 0.610000
1875 1876 1.220000 7 0.860000
1876 1877 1.360000 8 0.760000
1877 1878 1.250000 7 0.770000
1878 1879 1.240000 8 0.610000
1879 1880 1.240000 8 0.610000
1880 1881 1.360000 8 0.760000
1881 1882 1.250000 7 0.770000
1882 1883 1.250000 7 0.770000
1883 1884 1.200000 5 0.850000
1884 1885 1.190000 7 0.650000
1885 1886 1.190000 7 0.650000
1886 1887 1.250000 7 0.770000
1887 1888 1.220000 7 0.860000
1888 1889 1.250000 7 0.770000
1889 1890 1.260000 7 0.640000
1890 1891 1.240000 8 0.610000
1891 1892 1.190000 7 0.650000
1892 1893 1.190000 7 0.650000
1893 1894 1.190000 7 0.650000
1894 1895 1.280000 3 0.860000
1895 1896 1.240000 8 0.610000
1896 1897 1.200000 5 0.850000
1897 1898 1.200000 5 0.850000
1898 1899 1.190000 7 0.650000
1899 1900 1.190000 7 0.650000
1900 1901 1.240000 8 0.610000
1901 1902 1.250000 7 0.770000
1902 1903 1.240000 8 0.610000
1903 1904 1.190000 7 0.650000
1904 1905 1.200000 5 0.850000
1905 1906 1.170000 8 0.690000
1906 1907 1.190000 7 0.650000
1907 1908 1.190000 7 0.650000
1908 1909 1.320000 8 0.820000
1909 1910 1.130000 4 0.640000
1910 1911 1.200000 5 0.850000
1911 1912 1.250000 7 0.770000
1912 1913 1.250000 7 0.770000
1913 1914 1.250000 7 0.770000
1914 1915 1.250000 7 0.770000
1915 1916 1.340000 8 0.630000
1916 1917 1.250000 7 0.770000
1917 1918 1.250000 7 0.770000
1918 1919 1.250000 7 0.770000
1919 1920 1.190000 7 0.650000
1920 1921 1.190000 7 0.650000
1921 1922 1.190000 7 0.650000
1922 1923 1.300000 5 0.820000
1923 1924 1.200000 5 0.850000
1924 1925 1.190000 7 0.650000
1925 1926 1.190000 7 0.650000
1926 1927 1.260000 7 0.640000
1927 1928 1.260000 7 0.640000
1928 1929 1.190000 7 0.650000
1929 1930 1.130000 4 0.640000
1930 1931 1.100000 3 0.830000
1931 1932 1.200000 3 0.630000
1932 1933 1.200000 5 0.850000
1933 1934 1.190000 7 0.650000
1934 1935 1.190000 7 0.650000
1935 1936 1.140000 7 0.850000
1936 1937 1.200000 5 0.850000
1937 1938 1.190000 7 0.650000
1938 1939 1.190000 7 0.650000
1939 1940 1.190000 7 0.650000
1940 1941 1.290000 6 0.680000
1941 1942 1.190000 7 0.650000
1942 1943 1.220000 7 0.860000
1943 1944 1.190000 7 0.650000
1944 1945 1.210000 5 0.790000
1945 1946 1.200000 5 0.850000
1946 1947 1.240000 8 0.610000
1947 1948 1.190000 7 0.650000
1948 1949 1.130000 3 0.830000
1949 1950 1.250000 7 0.770000
1950 1951 1.130000 4 0.640000
1951 1952 1.190000 7 0.650000
1952 1953 1.250000 7 0.770000
1953 1954 1.260000 7 0.880000
1954 1955 1.250000 7 0.770000
1955 1956 1.200000 5 0.850000
1956 1957 1.140000 4 0.640000
1957 1958 1.190000 7 0.650000
1958 1959 1.250000 7 0.770000
1959 1960 1.190000 7 0.650000
1960 1961 1.320000 8 0.820000
1961 1962 1.190000 7 0.650000
1962 1963 1.190000 7 0.650000
1963 1964 1.190000 7 0.650000
1964 1965 1.250000 7 0.770000
1965 1966 1.190000 7 0.650000
1966 1967 1.190000 7 0.650000
1967 1968 1.250000 7 0.770000
1968 1969 1.190000 7 0.650000
1969 1970 1.190000 7 0.650000
1970 1971 1.220000 7 0.860000
1971 1972 1.220000 7 0.860000
1972 1973 1.250000 7 0.770000
1973 1974 1.190000 4 0.760000
1974 1975 1.130000 4 0.640000
1975 1976 1.250000 7 0.770000
1976 1977 1.250000 7 0.770000
1977 1978 1.190000 7 0.650000
1978 1979 1.190000 7 0.650000
1979 1980 1.190000 7 0.650000
1980 1981 1.280000 7 0.810000
1981 1982 1.190000 7 0.650000
1982 1983 1.190000 7 0.650000
1983 1984 1.190000 7 0.650000
1984 1985 1.210000 6 0.870000
1985 1986 1.200000 5 0.850000
1986 1987 1.280000 7 0.810000
1987 1988 1.250000 7 0.770000
1988 1989 1.200000 5 0.850000
1989 1990 1.250000 7 0.770000
1990 1991 1.190000 7 0.650000
1991 1992 1.260000 7 0.640000
1992 1993 1.250000 7 0.770000
1993 1994 1.250000 7 0.770000
1994 1995 1.190000 7 0.650000
1995 1996 1.190000 7 0.650000
1996 1997 1.130000 4 0.640000
1997 1998 1.260000 3 0.800000
1998 1999 1.210000 6 0.870000
1999 2000 1.280000 3 0.860000
2000 2001 1.200000 5 0.850000
2001 2002 1.250000 7 0.770000
2002 2003 1.190000 7 0.650000
2003 2004 1.190000 7 0.650000
2004 2005 1.250000 7 0.770000
2005 2006 1.260000 7 0.640000
2006 2007 1.260000 7 0.640000
2007 2008 1.200000 5 0.850000
2008 2009 1.200000 7 0.740000
2009 2010 1.190000 7 0.650000
2010 2011 1.200000 5 0.850000
2011 2012 1.210000 6 0.870000
2012 2013 1.210000 6 0.870000
2013 2014 1.200000 5 0.850000
2014 2015 1.190000 7 0.650000
2015 2016 1.200000 5 0.850000
2016 2017 1.190000 7 0.650000
2017 2018 1.240000 8 0.610000
2018 2019 1.240000 8 0.610000
2019 2020 1.250000 7 0.770000
2020 2021 1.190000 7 0.650000
2021 2022 1.200000 5 0.850000
2022 2023 1.280000 3 0.860000
2023 2024 1.190000 7 0.650000
2024 2025 1.140000 4 0.640000
2025 2026 1.200000 5 0.850000
2026 2027 1.350000 5 0.760000
2027 2028 1.200000 5 0.850000
2028 2029 1.200000 5 0.850000
2029 2030 1.260000 7 0.640000
2030 2031 1.260000 7 0.640000
2031 2032 1.190000 7 0.650000
2032 2033 1.190000 7 0.650000
2033 2034 1.190000 7 0.650000
2034 2035 1.190000 7 0.650000
2035 2036 1.190000 7 0.650000
2036 2037 1.260000 7 0.640000
2037 2038 1.190000 7 0.650000
2038 2039 1.210000 6 0.870000
2039 2040 1.210000 5 0.740000
2040 2041 1.250000 7 0.770000
2041 2042 1.250000 7 0.770000
2042 2043 1.200000 5 0.850000
2043 2044 1.320000 5 0.660000
2044 2045 1.130000 4 0.640000
2045 2046 1.130000 4 0.640000
2046 2047 1.190000 4 0.760000
2047 2048 1.190000 7 0.650000
2048 2049 1.190000 7 0.650000
2049 2050 1.250000 7 0.770000
2050 2051 1.130000 4 0.640000
2051 2052 1.190000 7 0.650000
2052 2053 1.190000 7 0.650000
2053 2054 1.240000 8 0.610000
2054 2055 1.250000 7 0.770000
2055 2056 1.200000 5 0.850000
2056 2057 1.140000 4 0.660000
2057 2058 1.130000 4 0.640000
2058 2059 1.200000 7 0.740000
2059 2060 1.210000 6 0.870000
2060 2061 1.190000 7 0.650000
2061 2062 1.190000 4 0.760000
2062 2063 1.190000 7 0.650000
2063 2064 1.190000 7 0.650000
2064 2065 1.190000 7 0.650000
2065 2066 1.190000 7 0.650000
2066 2067 1.190000 7 0.650000
2067 2068 1.190000 7 0.650000
2068 2069 1.190000 7 0.650000
2069 2070 1.190000 7 0.650000
2070 2071 1.190000 7 0.650000
2071 2072 1.190000 7 0.650000
2072 2073 1.190000 4 0.760000
2073 2074 1.100000 3 0.830000
2074 2075 1.190000 7 0.650000
2075 2076 1.190000 7 0.650000
2076 2077 1.190000 7 0.650000
2077 2078 1.190000 7 0.650000
2078 2079 1.190000 7 0.650000
2079 2080 1.190000 7 0.650000
2080 2081 1.190000 7 0.650000
2081 2082 1.190000 7 0.650000
2082 2083 1.190000 7 0.650000
2083 2084 1.190000 7 0.650000
2084 2085 1.260000 7 0.640000
2085 2086 1.260000 7 0.640000
2086 2087 1.260000 7 0.640000
2087 2088 1.260000 7 0.640000
2088 2089 1.190000 7 0.650000
2089 2090 1.190000 7 0.650000
2090 2091 1.250000 7 0.770000
2091 2092 1.190000 7 0.650000
2092 2093 1.260000 7 0.640000
2093 2094 1.190000 7 0.650000
2094 2095 1.190000 7 0.650000
2095 2096 1.190000 7 0.650000
2096 2097 1.190000 7 0.650000
2097 2098 1.190000 4 0.760000
2098 2099 1.190000 4 0.760000
2099 2100 1.210000 6 0.870000
2100 2101 1.260000 7 0.640000
2101 2102 1.210000 6 0.870000
2102 2103 1.260000 7 0.640000
2103 2104 1.280000 3 0.870000
2104 2105 1.250000 7 0.770000
2105 2106 1.190000 4 0.760000
2106 2107 1.190000 7 0.650000
2107 2108 1.190000 7 0.650000
2108 2109 1.260000 7 0.640000
2109 2110 1.260000 7 0.640000
2110 2111 1.260000 7 0.640000
2111 2112 1.210000 6 0.870000
2112 2113 1.200000 5 0.850000
2113 2114 1.190000 7 0.650000
2114 2115 1.240000 8 0.610000
2115 2116 1.260000 7 0.640000
2116 2117 1.190000 7 0.650000
2117 2118 1.190000 4 0.760000
2118 2119 1.190000 4 0.760000
2119 2120 1.280000 3 0.860000
2120 2121 1.190000 4 0.760000
2121 2122 1.250000 7 0.770000
2122 2123 1.250000 7 0.770000
2123 2124 1.210000 6 0.870000
2124 2125 1.260000 7 0.640000
2125 2126 1.260000 7 0.640000
2126 2127 1.250000 7 0.770000
2127 2128 1.190000 7 0.650000
2128 2129 1.190000 7 0.650000
2129 2130 1.210000 6 0.870000
2130 2131 1.260000 7 0.640000
