0 1 1.370000 8 0.670000
1 2 1.390000 6 0.850000
2 3 1.190000 4 0.790000
3 4 1.210000 5 0.710000
4 5 1.160000 8 0.850000
5 6 1.210000 5 0.710000
6 7 1.190000 4 0.790000
7 8 1.370000 2 0.610000
8 9 1.240000 2 0.710000
9 10 1.240000 2 0.710000
10 11 1.240000 2 0.710000
11 12 1.160000 8 0.850000
12 13 1.160000 8 0.850000
13 14 1.240000 8 0.870000
14 15 1.160000 6 0.790000
15 16 1.160000 8 0.850000
16 17 1.160000 8 0.850000
17 18 1.370000 2 0.610000
18 19 1.370000 2 0.610000
19 20 1.160000 8 0.850000
20 21 1.160000 8 0.850000
21 22 1.160000 8 0.850000
22 23 1.350000 6 0.830000
23 24 1.350000 6 0.830000
24 25 1.350000 8 0.810000
25 26 1.160000 8 0.850000
26 27 1.120000 3 0.740000
27 28 1.160000 8 0.850000
28 29 1.160000 8 0.850000
29 30 1.160000 8 0.850000
30 31 1.350000 6 0.830000
31 32 1.350000 6 0.830000
32 33 1.150000 2 0.870000
33 34 1.150000 2 0.870000
34 35 1.210000 5 0.710000
35 36 1.310000 8 0.840000
36 37 1.110000 6 0.650000
37 38 1.110000 6 0.650000
38 39 1.370000 2 0.610000
39 40 1.110000 6 0.650000
40 41 1.360000 3 0.770000
41 42 1.340000 2 0.600000
42 43 1.190000 4 0.790000
43 44 1.210000 8 0.780000
44 45 1.120000 3 0.740000
45 46 1.110000 6 0.650000
46 47 1.310000 8 0.840000
47 48 1.310000 8 0.840000
48 49 1.310000 8 0.840000
49 50 1.140000 6 0.870000
50 51 1.310000 8 0.840000
51 52 1.390000 6 0.850000
52 53 1.210000 5 0.710000
53 54 1.310000 8 0.840000
54 55 1.160000 6 0.790000
55 56 1.370000 2 0.610000
56 57 1.160000 8 0.850000
57 58 1.160000 8 0.850000
58 59 1.160000 8 0.850000
59 60 1.160000 8 0.850000
60 61 1.120000 3 0.740000
61 62 1.110000 6 0.650000
62 63 1.120000 3 0.740000
63 64 1.170000 4 0.670000
64 65 1.160000 8 0.850000
65 66 1.160000 8 0.850000
66 67 1.290000 4 0.710000
67 68 1.240000 3 0.890000
68 69 1.350000 6 0.830000
69 70 1.310000 8 0.840000
70 71 1.310000 8 0.840000
71 72 1.340000 2 0.600000
72 73 1.340000 2 0.600000
73 74 1.240000 8 0.870000
74 75 1.390000 6 0.850000
75 76 1.100000 5 0.860000
76 77 1.120000 3 0.740000
77 78 1.310000 8 0.840000
78 79 1.310000 8 0.840000
79 80 1.350000 6 0.830000
80 81 1.120000 7 0.780000
81 82 1.350000 6 0.830000
82 83 1.210000 8 0.770000
83 84 1.350000 6 0.830000
84 85 1.350000 6 0.830000
85 86 1.350000 6 0.830000
86 87 1.350000 6 0.830000
87 88 1.170000 6 0.870000
88 89 1.350000 6 0.830000
89 90 1.210000 8 0.770000
90 91 1.210000 8 0.770000
91 92 1.390000 6 0.850000
92 93 1.290000 7 0.620000
93 94 1.120000 4 0.750000
94 95 1.390000 6 0.850000
95 96 1.350000 8 0.810000
96 97 1.180000 2 0.650000
97 98 1.160000 8 0.850000
98 99 1.210000 6 0.840000
99 100 1.210000 6 0.840000
100 101 1.160000 8 0.850000
101 102 1.120000 2 0.890000
102 103 1.110000 4 0.860000
103 104 1.350000 6 0.830000
104 105 1.180000 2 0.650000
105 106 1.360000 2 0.730000
106 107 1.280000 5 0.710000
107 108 1.160000 8 0.850000
108 109 1.160000 8 0.850000
109 110 1.180000 4 0.720000
110 111 1.290000 4 0.710000
111 112 1.120000 3 0.740000
112 113 1.180000 2 0.650000
113 114 1.140000 6 0.790000
114 115 1.210000 8 0.770000
115 116 1.340000 2 0.600000
116 117 1.290000 4 0.710000
117 118 1.170000 7 0.790000
118 119 1.190000 4 0.790000
119 120 1.120000 3 0.740000
120 121 1.210000 5 0.710000
121 122 1.140000 6 0.790000
122 123 1.160000 8 0.850000
123 124 1.160000 8 0.850000
124 125 1.160000 8 0.850000
125 126 1.210000 8 0.770000
126 127 1.160000 8 0.850000
127 128 1.160000 8 0.850000
128 129 1.160000 8 0.850000
129 130 1.290000 7 0.620000
130 131 1.120000 7 0.780000
131 132 1.350000 8 0.810000
132 133 1.110000 6 0.650000
133 134 1.110000 6 0.650000
134 135 1.350000 6 0.830000
135 136 1.110000 6 0.650000
136 137 1.120000 7 0.780000
137 138 1.390000 6 0.850000
138 139 1.140000 5 0.720000
139 140 1.390000 6 0.850000
140 141 1.360000 3 0.770000
141 142 1.120000 7 0.780000
142 143 1.120000 7 0.780000
143 144 1.180000 2 0.650000
144 145 1.120000 7 0.780000
145 146 1.120000 7 0.780000
146 147 1.130000 3 0.720000
147 148 1.120000 7 0.780000
148 149 1.120000 7 0.780000
149 150 1.120000 7 0.780000
150 151 1.120000 7 0.780000
151 152 1.120000 7 0.780000
152 153 1.120000 7 0.780000
153 154 1.390000 6 0.850000
154 155 1.120000 7 0.780000
155 156 1.350000 6 0.830000
156 157 1.120000 7 0.780000
157 158 1.120000 4 0.750000
158 159 1.210000 6 0.840000
159 160 1.100000 4 0.750000
160 161 1.170000 4 0.660000
161 162 1.270000 5 0.860000
162 163 1.270000 5 0.860000
163 164 1.110000 6 0.650000
164 165 1.110000 6 0.650000
165 166 1.350000 6 0.830000
166 167 1.350000 6 0.830000
167 168 1.350000 6 0.830000
168 169 1.350000 6 0.830000
169 170 1.120000 7 0.780000
170 171 1.210000 6 0.840000
171 172 1.140000 6 0.790000
172 173 1.280000 5 0.630000
173 174 1.390000 6 0.850000
174 175 1.140000 6 0.790000
175 176 1.350000 6 0.830000
176 177 1.350000 6 0.830000
177 178 1.350000 6 0.830000
178 179 1.350000 6 0.830000
179 180 1.160000 8 0.850000
180 181 1.130000 3 0.720000
181 182 1.140000 6 0.790000
182 183 1.110000 6 0.650000
183 184 1.140000 6 0.790000
184 185 1.120000 3 0.740000
185 186 1.350000 7 0.790000
186 187 1.310000 8 0.840000
187 188 1.160000 8 0.850000
188 189 1.240000 3 0.890000
189 190 1.270000 5 0.860000
190 191 1.350000 8 0.810000
191 192 1.390000 2 0.770000
192 193 1.390000 2 0.770000
193 194 1.100000 4 0.840000
194 195 1.180000 2 0.650000
195 196 1.210000 8 0.770000
196 197 1.210000 8 0.770000
197 198 1.180000 2 0.650000
198 199 1.180000 2 0.650000
199 200 1.180000 2 0.650000
200 201 1.180000 2 0.650000
201 202 1.220000 2 0.650000
202 203 1.210000 6 0.840000
203 204 1.180000 2 0.650000
204 205 1.180000 2 0.650000
205 206 1.180000 2 0.650000
206 207 1.120000 4 0.750000
207 208 1.180000 2 0.650000
208 209 1.180000 2 0.650000
209 210 1.180000 2 0.650000
210 211 1.220000 2 0.650000
211 212 1.120000 2 0.890000
212 213 1.120000 2 0.890000
213 214 1.190000 8 0.630000
214 215 1.180000 2 0.650000
215 216 1.210000 6 0.840000
216 217 1.230000 2 0.710000
217 218 1.340000 6 0.790000
218 219 1.230000 7 0.640000
219 220 1.160000 6 0.850000
220 221 1.230000 2 0.710000
221 222 1.280000 2 0.650000
222 223 1.330000 5 0.680000
223 224 1.300000 6 0.850000
224 225 1.180000 2 0.650000
225 226 1.190000 8 0.630000
226 227 1.170000 5 0.730000
227 228 1.120000 2 0.890000
228 229 1.180000 4 0.720000
229 230 1.180000 2 0.650000
230 231 1.180000 2 0.650000
231 232 1.330000 5 0.680000
232 233 1.320000 3 0.620000
233 234 1.210000 6 0.840000
234 235 1.140000 6 0.790000
235 236 1.120000 4 0.750000
236 237 1.120000 2 0.890000
237 238 1.350000 8 0.810000
238 239 1.120000 4 0.750000
239 240 1.180000 2 0.650000
240 241 1.180000 2 0.650000
241 242 1.360000 2 0.820000
242 243 1.280000 5 0.710000
243 244 1.350000 6 0.830000
244 245 1.220000 3 0.830000
245 246 1.140000 6 0.790000
246 247 1.360000 4 0.780000
247 248 1.110000 6 0.650000
248 249 1.230000 8 0.780000
249 250 1.350000 6 0.830000
250 251 1.350000 6 0.830000
251 252 1.290000 4 0.710000
252 253 1.390000 6 0.850000
253 254 1.240000 8 0.870000
254 255 1.110000 4 0.860000
255 256 1.210000 5 0.710000
256 257 1.240000 3 0.740000
257 258 1.290000 4 0.710000
258 259 1.110000 3 0.880000
259 260 1.110000 6 0.650000
260 261 1.350000 6 0.830000
261 262 1.290000 4 0.710000
262 263 1.290000 4 0.710000
263 264 1.110000 2 0.750000
264 265 1.360000 3 0.770000
265 266 1.310000 2 0.750000
266 267 1.110000 6 0.650000
267 268 1.110000 6 0.650000
268 269 1.110000 6 0.650000
269 270 1.110000 6 0.650000
270 271 1.110000 2 0.750000
271 272 1.310000 2 0.750000
272 273 1.110000 6 0.650000
273 274 1.110000 6 0.650000
274 275 1.110000 6 0.650000
275 276 1.130000 3 0.720000
276 277 1.130000 3 0.720000
277 278 1.130000 3 0.720000
278 279 1.110000 6 0.650000
279 280 1.190000 5 0.710000
280 281 1.110000 4 0.860000
281 282 1.110000 6 0.650000
282 283 1.160000 6 0.790000
283 284 1.140000 6 0.870000
284 285 1.160000 8 0.850000
285 286 1.310000 8 0.840000
286 287 1.350000 6 0.830000
287 288 1.290000 4 0.710000
288 289 1.310000 8 0.840000
289 290 1.160000 8 0.850000
290 291 1.210000 8 0.770000
291 292 1.210000 8 0.770000
292 293 1.210000 8 0.770000
293 294 1.140000 6 0.790000
294 295 1.210000 6 0.840000
295 296 1.180000 2 0.650000
296 297 1.210000 8 0.770000
297 298 1.180000 2 0.650000
298 299 1.180000 2 0.650000
299 300 1.180000 2 0.650000
300 301 1.180000 2 0.650000
301 302 1.210000 6 0.840000
302 303 1.180000 2 0.650000
303 304 1.180000 2 0.650000
304 305 1.180000 2 0.650000
305 306 1.180000 2 0.650000
306 307 1.170000 5 0.730000
307 308 1.320000 3 0.620000
308 309 1.210000 6 0.840000
309 310 1.120000 2 0.890000
310 311 1.180000 2 0.650000
311 312 1.180000 2 0.650000
312 313 1.180000 2 0.650000
313 314 1.180000 2 0.650000
314 315 1.210000 8 0.770000
315 316 1.290000 2 0.620000
316 317 1.390000 8 0.610000
317 318 1.360000 3 0.770000
318 319 1.240000 3 0.890000
319 320 1.160000 4 0.770000
320 321 1.210000 8 0.770000
321 322 1.160000 8 0.850000
322 323 1.290000 7 0.620000
323 324 1.110000 6 0.650000
324 325 1.110000 6 0.650000
325 326 1.110000 6 0.650000
326 327 1.110000 6 0.650000
327 328 1.140000 6 0.790000
328 329 1.180000 2 0.650000
329 330 1.240000 2 0.710000
330 331 1.240000 2 0.710000
331 332 1.110000 6 0.650000
332 333 1.110000 6 0.650000
333 334 1.110000 6 0.650000
334 335 1.110000 6 0.650000
335 336 1.110000 6 0.650000
336 337 1.110000 6 0.650000
337 338 1.290000 4 0.710000
338 339 1.110000 6 0.650000
339 340 1.110000 6 0.650000
340 341 1.110000 6 0.650000
341 342 1.180000 2 0.650000
342 343 1.130000 3 0.720000
343 344 1.130000 3 0.720000
344 345 1.180000 2 0.650000
345 346 1.130000 3 0.720000
346 347 1.180000 2 0.650000
347 348 1.130000 3 0.720000
348 349 1.130000 3 0.720000
349 350 1.130000 3 0.720000
350 351 1.180000 2 0.650000
351 352 1.180000 2 0.650000
352 353 1.230000 7 0.640000
353 354 1.170000 6 0.870000
354 355 1.170000 6 0.870000
355 356 1.180000 2 0.650000
356 357 1.190000 4 0.690000
357 358 1.180000 2 0.650000
358 359 1.180000 2 0.650000
359 360 1.180000 2 0.650000
360 361 1.140000 6 0.790000
361 362 1.140000 6 0.790000
362 363 1.140000 6 0.790000
363 364 1.120000 5 0.830000
364 365 1.170000 5 0.730000
365 366 1.170000 5 0.730000
366 367 1.170000 5 0.730000
367 368 1.210000 6 0.840000
368 369 1.360000 3 0.770000
369 370 1.140000 6 0.790000
370 371 1.140000 6 0.790000
371 372 1.170000 6 0.870000
372 373 1.380000 7 0.770000
373 374 1.180000 2 0.650000
374 375 1.180000 2 0.650000
375 376 1.220000 2 0.650000
376 377 1.180000 2 0.650000
377 378 1.180000 2 0.650000
378 379 1.390000 7 0.630000
379 380 1.390000 7 0.630000
380 381 1.120000 3 0.740000
381 382 1.140000 6 0.790000
382 383 1.210000 8 0.770000
383 384 1.290000 4 0.710000
384 385 1.370000 2 0.610000
385 386 1.180000 2 0.650000
386 387 1.180000 2 0.650000
387 388 1.180000 2 0.650000
388 389 1.180000 2 0.650000
389 390 1.180000 2 0.650000
390 391 1.210000 8 0.770000
391 392 1.180000 2 0.650000
392 393 1.180000 2 0.650000
393 394 1.180000 2 0.650000
394 395 1.180000 2 0.650000
395 396 1.140000 6 0.790000
396 397 1.180000 2 0.650000
397 398 1.180000 2 0.650000
398 399 1.180000 2 0.650000
399 400 1.180000 2 0.650000
400 401 1.180000 2 0.650000
401 402 1.190000 4 0.790000
402 403 1.110000 6 0.650000
403 404 1.210000 8 0.770000
404 405 1.290000 7 0.620000
405 406 1.290000 7 0.620000
406 407 1.290000 7 0.620000
407 408 1.180000 2 0.650000
408 409 1.180000 2 0.650000
409 410 1.310000 8 0.840000
410 411 1.120000 7 0.780000
411 412 1.140000 5 0.720000
412 413 1.130000 3 0.720000
413 414 1.180000 2 0.650000
414 415 1.210000 8 0.770000
415 416 1.160000 8 0.850000
416 417 1.160000 8 0.850000
417 418 1.180000 2 0.650000
418 419 1.180000 2 0.650000
419 420 1.140000 6 0.790000
420 421 1.120000 3 0.740000
421 422 1.160000 8 0.850000
422 423 1.180000 2 0.650000
423 424 1.120000 2 0.890000
424 425 1.160000 8 0.850000
425 426 1.160000 8 0.850000
426 427 1.180000 2 0.650000
427 428 1.180000 2 0.650000
428 429 1.180000 2 0.650000
429 430 1.180000 2 0.650000
430 431 1.180000 2 0.650000
431 432 1.160000 8 0.850000
432 433 1.350000 4 0.860000
433 434 1.180000 2 0.650000
434 435 1.120000 3 0.740000
435 436 1.140000 6 0.790000
436 437 1.390000 6 0.850000
437 438 1.360000 3 0.770000
438 439 1.190000 4 0.790000
439 440 1.290000 4 0.710000
440 441 1.210000 8 0.770000
441 442 1.140000 6 0.790000
442 443 1.360000 4 0.780000
443 444 1.140000 6 0.790000
444 445 1.140000 6 0.790000
445 446 1.140000 6 0.790000
446 447 1.390000 6 0.850000
447 448 1.290000 4 0.710000
448 449 1.140000 6 0.790000
449 450 1.240000 8 0.870000
450 451 1.140000 6 0.870000
451 452 1.160000 6 0.790000
452 453 1.230000 8 0.780000
453 454 1.180000 2 0.650000
454 455 1.180000 2 0.650000
455 456 1.180000 2 0.650000
456 457 1.180000 2 0.650000
457 458 1.180000 2 0.650000
458 459 1.190000 4 0.690000
459 460 1.270000 5 0.860000
460 461 1.150000 4 0.750000
461 462 1.180000 2 0.650000
462 463 1.180000 2 0.650000
463 464 1.350000 6 0.830000
464 465 1.390000 7 0.630000
465 466 1.180000 2 0.650000
466 467 1.140000 6 0.790000
467 468 1.180000 2 0.650000
468 469 1.120000 3 0.740000
469 470 1.240000 2 0.710000
470 471 1.240000 2 0.710000
471 472 1.130000 7 0.730000
472 473 1.130000 7 0.730000
473 474 1.240000 2 0.710000
474 475 1.350000 6 0.830000
475 476 1.210000 8 0.770000
476 477 1.210000 8 0.770000
477 478 1.210000 6 0.840000
478 479 1.290000 4 0.710000
479 480 1.300000 3 0.650000
480 481 1.260000 8 0.720000
481 482 1.370000 2 0.610000
482 483 1.370000 2 0.610000
483 484 1.270000 5 0.860000
484 485 1.160000 8 0.850000
485 486 1.160000 8 0.850000
486 487 1.160000 8 0.850000
487 488 1.190000 3 0.760000
488 489 1.350000 6 0.830000
489 490 1.160000 8 0.850000
490 491 1.270000 5 0.860000
491 492 1.180000 8 0.630000
492 493 1.180000 8 0.630000
493 494 1.160000 8 0.850000
494 495 1.160000 8 0.850000
495 496 1.210000 8 0.770000
496 497 1.350000 8 0.810000
497 498 1.130000 3 0.720000
498 499 1.350000 6 0.830000
499 500 1.290000 5 0.640000
500 501 1.290000 5 0.640000
501 502 1.320000 2 0.780000
502 503 1.140000 6 0.790000
503 504 1.110000 4 0.860000
504 505 1.210000 8 0.770000
505 506 1.350000 6 0.830000
506 507 1.350000 7 0.790000
507 508 1.160000 8 0.850000
508 509 1.160000 8 0.850000
509 510 1.180000 2 0.650000
510 511 1.310000 8 0.840000
511 512 1.160000 6 0.790000
512 513 1.190000 4 0.690000
513 514 1.180000 8 0.630000
514 515 1.180000 8 0.630000
515 516 1.180000 8 0.630000
516 517 1.160000 8 0.850000
517 518 1.160000 8 0.850000
518 519 1.340000 2 0.600000
519 520 1.210000 8 0.770000
520 521 1.210000 8 0.770000
521 522 1.160000 6 0.790000
522 523 1.290000 4 0.710000
523 524 1.190000 5 0.610000
524 525 1.140000 6 0.790000
525 526 1.290000 4 0.710000
526 527 1.290000 4 0.710000
527 528 1.210000 8 0.770000
528 529 1.360000 4 0.780000
529 530 1.140000 6 0.870000
530 531 1.370000 2 0.610000
531 532 1.110000 6 0.650000
532 533 1.350000 6 0.830000
533 534 1.240000 2 0.710000
534 535 1.110000 6 0.650000
535 536 1.160000 6 0.790000
536 537 1.160000 6 0.790000
537 538 1.350000 6 0.830000
538 539 1.180000 2 0.650000
539 540 1.140000 6 0.790000
540 541 1.360000 3 0.770000
541 542 1.360000 3 0.770000
542 543 1.130000 3 0.720000
543 544 1.110000 6 0.650000
544 545 1.130000 3 0.720000
545 546 1.160000 8 0.850000
546 547 1.210000 8 0.770000
547 548 1.180000 2 0.650000
548 549 1.180000 2 0.650000
549 550 1.110000 6 0.650000
550 551 1.210000 8 0.770000
551 552 1.350000 6 0.830000
552 553 1.160000 8 0.850000
553 554 1.170000 6 0.870000
554 555 1.360000 4 0.780000
555 556 1.180000 2 0.650000
556 557 1.180000 2 0.650000
557 558 1.100000 4 0.840000
558 559 1.180000 2 0.650000
559 560 1.170000 6 0.870000
560 561 1.120000 3 0.740000
561 562 1.180000 6 0.680000
562 563 1.110000 6 0.650000
563 564 1.210000 4 0.680000
564 565 1.380000 3 0.840000
565 566 1.120000 3 0.740000
566 567 1.120000 3 0.740000
567 568 1.340000 2 0.600000
568 569 1.120000 3 0.740000
569 570 1.140000 6 0.870000
570 571 1.190000 4 0.790000
571 572 1.130000 3 0.720000
572 573 1.340000 2 0.600000
573 574 1.130000 3 0.720000
574 575 1.190000 4 0.790000
575 576 1.130000 3 0.720000
576 577 1.140000 7 0.710000
577 578 1.130000 3 0.720000
578 579 1.310000 8 0.840000
579 580 1.130000 3 0.720000
580 581 1.130000 3 0.720000
581 582 1.120000 7 0.780000
582 583 1.130000 3 0.720000
583 584 1.130000 3 0.720000
584 585 1.110000 6 0.650000
585 586 1.120000 7 0.780000
586 587 1.110000 6 0.650000
587 588 1.160000 8 0.850000
588 589 1.110000 3 0.880000
589 590 1.110000 6 0.650000
590 591 1.110000 6 0.650000
591 592 1.110000 6 0.650000
592 593 1.110000 6 0.650000
593 594 1.110000 6 0.650000
594 595 1.110000 6 0.650000
595 596 1.350000 6 0.830000
596 597 1.350000 6 0.830000
597 598 1.390000 6 0.850000
598 599 1.350000 6 0.830000
599 600 1.350000 6 0.830000
600 601 1.390000 6 0.850000
601 602 1.150000 2 0.870000
602 603 1.390000 6 0.850000
603 604 1.110000 6 0.650000
604 605 1.110000 6 0.650000
605 606 1.350000 6 0.830000
606 607 1.350000 6 0.830000
607 608 1.280000 5 0.690000
608 609 1.150000 2 0.870000
609 610 1.150000 2 0.870000
610 611 1.280000 5 0.690000
611 612 1.290000 4 0.710000
612 613 1.230000 8 0.780000
613 614 1.140000 4 0.820000
614 615 1.140000 4 0.820000
615 616 1.140000 6 0.790000
616 617 1.140000 6 0.790000
617 618 1.140000 4 0.820000
618 619 1.350000 6 0.830000
619 620 1.350000 6 0.830000
620 621 1.390000 6 0.850000
621 622 1.140000 4 0.820000
622 623 1.320000 3 0.620000
623 624 1.160000 6 0.710000
624 625 1.230000 7 0.640000
625 626 1.350000 4 0.640000
626 627 1.350000 8 0.810000
627 628 1.280000 2 0.730000
628 629 1.350000 8 0.810000
629 630 1.290000 7 0.620000
630 631 1.210000 8 0.770000
631 632 1.140000 6 0.790000
632 633 1.140000 6 0.790000
633 634 1.390000 8 0.610000
634 635 1.160000 8 0.850000
635 636 1.170000 6 0.870000
636 637 1.390000 8 0.610000
637 638 1.140000 6 0.790000
638 639 1.160000 8 0.850000
639 640 1.390000 8 0.610000
640 641 1.120000 3 0.740000
641 642 1.180000 8 0.630000
642 643 1.160000 6 0.790000
643 644 1.180000 2 0.650000
644 645 1.180000 2 0.650000
645 646 1.180000 2 0.650000
646 647 1.330000 4 0.730000
647 648 1.150000 4 0.750000
648 649 1.180000 2 0.650000
649 650 1.240000 6 0.630000
650 651 1.140000 6 0.790000
651 652 1.120000 7 0.880000
652 653 1.360000 4 0.780000
653 654 1.180000 2 0.650000
654 655 1.180000 2 0.650000
655 656 1.160000 4 0.770000
656 657 1.370000 2 0.610000
657 658 1.220000 2 0.650000
658 659 1.350000 4 0.860000
659 660 1.230000 8 0.780000
660 661 1.250000 4 0.800000
661 662 1.250000 4 0.800000
662 663 1.250000 4 0.800000
663 664 1.250000 4 0.800000
664 665 1.180000 2 0.650000
665 666 1.290000 5 0.640000
666 667 1.260000 3 0.700000
667 668 1.160000 8 0.850000
668 669 1.160000 4 0.770000
669 670 1.160000 3 0.790000
670 671 1.180000 2 0.650000
671 672 1.180000 2 0.650000
672 673 1.230000 4 0.750000
673 674 1.120000 2 0.890000
674 675 1.180000 2 0.650000
675 676 1.230000 7 0.640000
676 677 1.230000 7 0.640000
677 678 1.230000 7 0.640000
678 679 1.370000 2 0.610000
679 680 1.240000 8 0.610000
680 681 1.230000 7 0.640000
681 682 1.180000 2 0.650000
682 683 1.180000 2 0.650000
683 684 1.180000 2 0.650000
684 685 1.360000 2 0.630000
685 686 1.210000 8 0.770000
686 687 1.160000 3 0.790000
687 688 1.370000 2 0.610000
688 689 1.230000 4 0.750000
689 690 1.230000 4 0.750000
690 691 1.120000 3 0.630000
691 692 1.230000 7 0.640000
692 693 1.190000 5 0.710000
693 694 1.230000 7 0.640000
694 695 1.230000 7 0.640000
695 696 1.250000 4 0.800000
696 697 1.250000 4 0.800000
697 698 1.250000 4 0.800000
698 699 1.250000 4 0.800000
699 700 1.250000 4 0.800000
700 701 1.120000 8 0.880000
701 702 1.250000 4 0.800000
702 703 1.250000 4 0.800000
703 704 1.120000 8 0.880000
704 705 1.120000 8 0.880000
705 706 1.320000 2 0.780000
706 707 1.320000 2 0.780000
707 708 1.210000 6 0.840000
708 709 1.210000 6 0.840000
709 710 1.210000 6 0.840000
710 711 1.280000 5 0.630000
711 712 1.160000 4 0.770000
712 713 1.160000 4 0.770000
713 714 1.160000 4 0.770000
714 715 1.120000 2 0.890000
715 716 1.370000 2 0.610000
716 717 1.120000 3 0.630000
717 718 1.370000 2 0.610000
718 719 1.140000 6 0.790000
719 720 1.210000 6 0.840000
720 721 1.230000 7 0.640000
721 722 1.350000 8 0.810000
722 723 1.140000 4 0.820000
723 724 1.230000 4 0.750000
724 725 1.230000 7 0.640000
725 726 1.390000 8 0.610000
726 727 1.180000 2 0.650000
727 728 1.230000 7 0.640000
728 729 1.160000 3 0.790000
729 730 1.260000 2 0.810000
730 731 1.110000 4 0.860000
731 732 1.190000 4 0.870000
732 733 1.110000 4 0.860000
733 734 1.160000 4 0.770000
734 735 1.340000 2 0.600000
735 736 1.310000 2 0.750000
736 737 1.310000 2 0.750000
737 738 1.160000 4 0.770000
738 739 1.360000 3 0.770000
739 740 1.360000 3 0.770000
740 741 1.340000 2 0.600000
741 742 1.180000 2 0.650000
742 743 1.120000 8 0.770000
743 744 1.360000 4 0.780000
744 745 1.180000 2 0.650000
745 746 1.210000 8 0.770000
746 747 1.210000 8 0.770000
747 748 1.210000 8 0.770000
748 749 1.210000 8 0.770000
749 750 1.340000 2 0.600000
750 751 1.390000 6 0.850000
751 752 1.130000 3 0.720000
752 753 1.290000 4 0.710000
753 754 1.240000 8 0.870000
754 755 1.110000 6 0.650000
755 756 1.180000 2 0.650000
756 757 1.180000 2 0.650000
757 758 1.290000 8 0.770000
758 759 1.180000 2 0.650000
759 760 1.230000 5 0.840000
760 761 1.160000 4 0.770000
761 762 1.230000 5 0.840000
762 763 1.210000 6 0.840000
763 764 1.210000 6 0.840000
764 765 1.250000 4 0.800000
765 766 1.180000 2 0.650000
766 767 1.180000 2 0.650000
767 768 1.340000 6 0.790000
768 769 1.180000 2 0.650000
769 770 1.160000 4 0.770000
770 771 1.160000 4 0.770000
771 772 1.230000 5 0.840000
772 773 1.210000 6 0.840000
773 774 1.230000 7 0.640000
774 775 1.230000 7 0.640000
775 776 1.120000 8 0.770000
776 777 1.210000 6 0.840000
777 778 1.230000 7 0.640000
778 779 1.190000 8 0.630000
779 780 1.230000 7 0.640000
780 781 1.210000 6 0.840000
781 782 1.180000 2 0.650000
782 783 1.120000 2 0.890000
783 784 1.180000 2 0.650000
784 785 1.180000 2 0.650000
785 786 1.180000 2 0.650000
786 787 1.260000 6 0.890000
787 788 1.340000 2 0.600000
788 789 1.160000 8 0.850000
789 790 1.160000 8 0.850000
790 791 1.390000 6 0.850000
791 792 1.160000 8 0.850000
792 793 1.160000 8 0.850000
793 794 1.160000 6 0.790000
794 795 1.140000 6 0.870000
795 796 1.360000 3 0.770000
796 797 1.390000 8 0.610000
797 798 1.180000 2 0.650000
798 799 1.180000 2 0.650000
799 800 1.180000 2 0.650000
800 801 1.180000 2 0.650000
801 802 1.390000 2 0.690000
802 803 1.210000 6 0.840000
803 804 1.220000 5 0.860000
804 805 1.110000 7 0.610000
805 806 1.240000 4 0.700000
806 807 1.140000 6 0.790000
807 808 1.140000 6 0.790000
808 809 1.360000 3 0.770000
809 810 1.180000 2 0.650000
810 811 1.180000 2 0.650000
811 812 1.180000 2 0.650000
812 813 1.180000 2 0.650000
813 814 1.160000 4 0.770000
814 815 1.190000 8 0.630000
815 816 1.110000 7 0.610000
816 817 1.180000 2 0.650000
817 818 1.210000 6 0.840000
818 819 1.180000 2 0.650000
819 820 1.180000 2 0.650000
820 821 1.140000 6 0.790000
821 822 1.140000 6 0.790000
822 823 1.140000 6 0.790000
823 824 1.210000 6 0.840000
824 825 1.160000 4 0.770000
825 826 1.360000 6 0.890000
826 827 1.180000 2 0.650000
827 828 1.180000 2 0.650000
828 829 1.110000 4 0.860000
829 830 1.120000 3 0.630000
830 831 1.120000 2 0.890000
831 832 1.390000 6 0.850000
832 833 1.390000 6 0.850000
833 834 1.210000 8 0.770000
834 835 1.290000 4 0.710000
835 836 1.200000 5 0.850000
836 837 1.110000 6 0.650000
837 838 1.290000 4 0.710000
838 839 1.160000 8 0.850000
839 840 1.160000 8 0.850000
840 841 1.160000 8 0.850000
841 842 1.220000 2 0.650000
842 843 1.310000 2 0.750000
843 844 1.160000 8 0.850000
844 845 1.360000 3 0.770000
845 846 1.160000 4 0.770000
846 847 1.160000 8 0.850000
847 848 1.160000 8 0.850000
848 849 1.180000 2 0.650000
849 850 1.180000 2 0.650000
850 851 1.360000 3 0.770000
851 852 1.360000 3 0.770000
852 853 1.360000 3 0.770000
853 854 1.360000 3 0.770000
854 855 1.360000 3 0.770000
855 856 1.360000 3 0.770000
856 857 1.180000 2 0.650000
857 858 1.180000 2 0.650000
858 859 1.180000 2 0.650000
859 860 1.180000 2 0.650000
860 861 1.180000 2 0.650000
861 862 1.280000 5 0.630000
862 863 1.360000 3 0.770000
863 864 1.210000 6 0.840000
864 865 1.280000 5 0.630000
865 866 1.390000 6 0.850000
866 867 1.360000 3 0.770000
867 868 1.160000 8 0.850000
868 869 1.220000 2 0.650000
869 870 1.160000 8 0.850000
870 871 1.280000 5 0.710000
871 872 1.180000 2 0.650000
872 873 1.210000 6 0.840000
873 874 1.180000 2 0.650000
874 875 1.160000 4 0.770000
875 876 1.230000 4 0.750000
876 877 1.120000 8 0.880000
877 878 1.180000 2 0.650000
878 879 1.210000 6 0.840000
879 880 1.210000 6 0.840000
880 881 1.340000 6 0.790000
881 882 1.340000 6 0.790000
882 883 1.340000 6 0.790000
883 884 1.360000 4 0.680000
884 885 1.390000 5 0.770000
885 886 1.180000 2 0.650000
886 887 1.180000 2 0.650000
887 888 1.390000 5 0.770000
888 889 1.120000 8 0.770000
889 890 1.180000 2 0.650000
890 891 1.180000 2 0.650000
891 892 1.180000 2 0.650000
892 893 1.180000 2 0.650000
893 894 1.340000 2 0.600000
894 895 1.210000 6 0.840000
895 896 1.210000 6 0.840000
896 897 1.180000 2 0.650000
897 898 1.180000 2 0.650000
898 899 1.180000 2 0.650000
899 900 1.180000 2 0.650000
900 901 1.180000 2 0.650000
901 902 1.180000 2 0.650000
902 903 1.370000 2 0.610000
903 904 1.180000 2 0.650000
904 905 1.180000 2 0.650000
905 906 1.140000 6 0.790000
906 907 1.160000 8 0.850000
907 908 1.160000 8 0.850000
908 909 1.350000 6 0.830000
909 910 1.180000 2 0.650000
910 911 1.190000 4 0.690000
911 912 1.290000 4 0.710000
912 913 1.110000 6 0.650000
913 914 1.110000 6 0.650000
914 915 1.240000 8 0.870000
915 916 1.350000 6 0.830000
916 917 1.390000 8 0.610000
917 918 1.180000 2 0.650000
918 919 1.390000 8 0.610000
919 920 1.180000 2 0.650000
920 921 1.370000 2 0.610000
921 922 1.230000 7 0.640000
922 923 1.160000 4 0.770000
923 924 1.160000 4 0.770000
924 925 1.360000 3 0.770000
925 926 1.360000 3 0.770000
926 927 1.160000 8 0.850000
927 928 1.240000 7 0.660000
928 929 1.160000 4 0.770000
929 930 1.160000 4 0.770000
930 931 1.140000 6 0.870000
931 932 1.160000 4 0.770000
932 933 1.160000 4 0.770000
933 934 1.160000 4 0.770000
934 935 1.160000 4 0.770000
935 936 1.160000 4 0.770000
936 937 1.230000 7 0.640000
937 938 1.240000 3 0.810000
938 939 1.230000 7 0.640000
939 940 1.230000 5 0.840000
940 941 1.210000 6 0.840000
941 942 1.110000 7 0.610000
942 943 1.230000 7 0.640000
943 944 1.160000 4 0.770000
944 945 1.160000 6 0.790000
945 946 1.180000 2 0.650000
946 947 1.370000 2 0.610000
947 948 1.230000 4 0.750000
948 949 1.230000 4 0.750000
949 950 1.230000 7 0.640000
950 951 1.360000 2 0.630000
951 952 1.350000 8 0.650000
952 953 1.120000 8 0.880000
953 954 1.230000 7 0.640000
954 955 1.230000 7 0.640000
955 956 1.180000 2 0.650000
956 957 1.180000 4 0.660000
957 958 1.180000 2 0.650000
958 959 1.180000 2 0.650000
959 960 1.180000 2 0.650000
960 961 1.180000 2 0.650000
961 962 1.180000 2 0.650000
962 963 1.180000 2 0.650000
963 964 1.200000 5 0.850000
964 965 1.140000 6 0.790000
965 966 1.370000 2 0.610000
966 967 1.120000 2 0.890000
967 968 1.180000 2 0.650000
968 969 1.180000 2 0.650000
969 970 1.180000 2 0.650000
970 971 1.190000 8 0.630000
971 972 1.190000 8 0.630000
972 973 1.110000 4 0.860000
973 974 1.140000 6 0.790000
974 975 1.180000 2 0.650000
975 976 1.180000 2 0.650000
976 977 1.210000 6 0.840000
977 978 1.360000 3 0.880000
978 979 1.360000 3 0.880000
979 980 1.360000 3 0.880000
980 981 1.180000 2 0.650000
981 982 1.180000 2 0.650000
982 983 1.180000 2 0.650000
983 984 1.130000 3 0.720000
984 985 1.130000 3 0.720000
985 986 1.130000 3 0.720000
986 987 1.120000 4 0.750000
987 988 1.120000 4 0.750000
988 989 1.130000 3 0.720000
989 990 1.180000 2 0.650000
990 991 1.350000 6 0.830000
991 992 1.180000 2 0.650000
992 993 1.350000 6 0.830000
993 994 1.350000 6 0.830000
994 995 1.290000 4 0.710000
995 996 1.180000 2 0.650000
996 997 1.350000 6 0.830000
997 998 1.350000 6 0.830000
998 999 1.350000 6 0.830000
999 1000 1.360000 3 0.770000
1000 1001 1.360000 3 0.770000
1001 1002 1.180000 2 0.650000
1002 1003 1.350000 8 0.810000
1003 1004 1.180000 2 0.650000
1004 1005 1.120000 4 0.750000
1005 1006 1.180000 2 0.650000
1006 1007 1.120000 4 0.750000
1007 1008 1.120000 4 0.750000
1008 1009 1.380000 7 0.770000
1009 1010 1.290000 4 0.710000
1010 1011 1.390000 6 0.850000
1011 1012 1.350000 6 0.830000
1012 1013 1.120000 4 0.750000
1013 1014 1.120000 4 0.750000
1014 1015 1.120000 4 0.750000
1015 1016 1.120000 4 0.750000
1016 1017 1.120000 4 0.750000
1017 1018 1.180000 2 0.650000
1018 1019 1.180000 2 0.650000
1019 1020 1.180000 2 0.650000
1020 1021 1.110000 4 0.860000
1021 1022 1.350000 6 0.830000
1022 1023 1.180000 2 0.650000
1023 1024 1.350000 6 0.830000
1024 1025 1.350000 6 0.830000
1025 1026 1.120000 2 0.890000
1026 1027 1.180000 2 0.650000
1027 1028 1.180000 2 0.650000
1028 1029 1.270000 5 0.860000
1029 1030 1.190000 8 0.630000
1030 1031 1.210000 6 0.840000
1031 1032 1.230000 7 0.640000
1032 1033 1.190000 8 0.630000
1033 1034 1.210000 6 0.840000
1034 1035 1.180000 2 0.650000
1035 1036 1.180000 2 0.650000
1036 1037 1.230000 7 0.640000
1037 1038 1.340000 3 0.770000
1038 1039 1.210000 6 0.840000
1039 1040 1.230000 7 0.640000
1040 1041 1.230000 7 0.640000
1041 1042 1.210000 6 0.840000
1042 1043 1.210000 6 0.840000
1043 1044 1.210000 6 0.840000
1044 1045 1.180000 2 0.650000
1045 1046 1.180000 2 0.650000
1046 1047 1.180000 2 0.650000
1047 1048 1.180000 2 0.650000
1048 1049 1.360000 3 0.770000
1049 1050 1.140000 2 0.790000
1050 1051 1.180000 2 0.650000
1051 1052 1.180000 2 0.650000
1052 1053 1.180000 2 0.650000
1053 1054 1.210000 6 0.840000
1054 1055 1.140000 2 0.790000
1055 1056 1.350000 6 0.830000
1056 1057 1.180000 2 0.650000
1057 1058 1.210000 8 0.770000
1058 1059 1.210000 6 0.840000
1059 1060 1.180000 2 0.650000
1060 1061 1.180000 2 0.650000
1061 1062 1.100000 3 0.790000
1062 1063 1.140000 6 0.790000
1063 1064 1.180000 2 0.650000
1064 1065 1.210000 6 0.840000
1065 1066 1.210000 6 0.840000
1066 1067 1.390000 6 0.850000
1067 1068 1.210000 6 0.840000
1068 1069 1.180000 2 0.650000
1069 1070 1.180000 2 0.650000
1070 1071 1.140000 6 0.790000
1071 1072 1.230000 7 0.640000
1072 1073 1.210000 6 0.840000
1073 1074 1.250000 4 0.800000
1074 1075 1.250000 4 0.800000
1075 1076 1.140000 6 0.790000
1076 1077 1.140000 6 0.790000
1077 1078 1.370000 2 0.610000
1078 1079 1.120000 3 0.740000
1079 1080 1.300000 8 0.730000
1080 1081 1.160000 4 0.770000
1081 1082 1.160000 8 0.620000
1082 1083 1.340000 2 0.630000
1083 1084 1.300000 5 0.640000
1084 1085 1.320000 2 0.780000
1085 1086 1.320000 2 0.780000
1086 1087 1.140000 2 0.790000
1087 1088 1.140000 2 0.790000
1088 1089 1.120000 3 0.860000
1089 1090 1.120000 3 0.860000
1090 1091 1.120000 3 0.860000
1091 1092 1.120000 3 0.860000
1092 1093 1.140000 2 0.790000
1093 1094 1.140000 2 0.790000
1094 1095 1.350000 8 0.650000
1095 1096 1.380000 8 0.700000
1096 1097 1.140000 2 0.790000
1097 1098 1.140000 2 0.790000
1098 1099 1.120000 8 0.880000
1099 1100 1.230000 7 0.640000
1100 1101 1.140000 2 0.790000
1101 1102 1.140000 2 0.790000
1102 1103 1.350000 8 0.650000
1103 1104 1.350000 8 0.650000
1104 1105 1.140000 8 0.800000
1105 1106 1.300000 5 0.640000
1106 1107 1.210000 6 0.840000
1107 1108 1.210000 6 0.840000
1108 1109 1.140000 2 0.790000
1109 1110 1.210000 6 0.840000
1110 1111 1.120000 8 0.880000
1111 1112 1.160000 4 0.770000
1112 1113 1.340000 6 0.790000
1113 1114 1.160000 4 0.770000
1114 1115 1.120000 8 0.880000
1115 1116 1.230000 7 0.640000
1116 1117 1.210000 6 0.840000
1117 1118 1.160000 4 0.770000
1118 1119 1.210000 6 0.840000
1119 1120 1.160000 4 0.770000
1120 1121 1.160000 4 0.770000
1121 1122 1.160000 4 0.770000
1122 1123 1.210000 6 0.840000
1123 1124 1.340000 2 0.630000
1124 1125 1.190000 3 0.760000
1125 1126 1.160000 4 0.770000
1126 1127 1.190000 5 0.770000
1127 1128 1.160000 4 0.770000
1128 1129 1.160000 4 0.770000
1129 1130 1.120000 8 0.770000
1130 1131 1.360000 2 0.630000
1131 1132 1.120000 8 0.880000
1132 1133 1.230000 7 0.640000
1133 1134 1.230000 7 0.640000
1134 1135 1.230000 7 0.640000
1135 1136 1.230000 7 0.640000
1136 1137 1.120000 8 0.880000
1137 1138 1.160000 4 0.770000
1138 1139 1.190000 5 0.770000
1139 1140 1.160000 4 0.770000
1140 1141 1.210000 6 0.840000
1141 1142 1.210000 6 0.840000
1142 1143 1.230000 5 0.840000
1143 1144 1.230000 4 0.750000
1144 1145 1.250000 4 0.800000
1145 1146 1.180000 2 0.650000
1146 1147 1.110000 7 0.610000
1147 1148 1.180000 2 0.650000
1148 1149 1.250000 4 0.800000
1149 1150 1.250000 4 0.800000
1150 1151 1.180000 2 0.650000
1151 1152 1.180000 2 0.650000
1152 1153 1.210000 8 0.770000
1153 1154 1.280000 5 0.710000
1154 1155 1.210000 6 0.840000
1155 1156 1.160000 4 0.770000
1156 1157 1.160000 4 0.770000
1157 1158 1.180000 2 0.650000
1158 1159 1.360000 3 0.780000
1159 1160 1.390000 5 0.770000
1160 1161 1.210000 6 0.840000
1161 1162 1.210000 6 0.840000
1162 1163 1.230000 7 0.640000
1163 1164 1.270000 8 0.820000
1164 1165 1.180000 2 0.650000
1165 1166 1.180000 2 0.650000
1166 1167 1.180000 2 0.650000
1167 1168 1.180000 2 0.650000
1168 1169 1.180000 2 0.650000
1169 1170 1.180000 2 0.650000
1170 1171 1.180000 2 0.650000
1171 1172 1.350000 6 0.830000
1172 1173 1.180000 2 0.650000
1173 1174 1.340000 6 0.790000
1174 1175 1.140000 6 0.790000
1175 1176 1.230000 7 0.640000
1176 1177 1.350000 6 0.830000
1177 1178 1.180000 2 0.650000
1178 1179 1.340000 2 0.600000
1179 1180 1.180000 2 0.650000
1180 1181 1.180000 2 0.650000
1181 1182 1.210000 8 0.780000
1182 1183 1.160000 8 0.850000
1183 1184 1.390000 6 0.850000
1184 1185 1.350000 6 0.830000
1185 1186 1.350000 6 0.830000
1186 1187 1.350000 6 0.830000
1187 1188 1.280000 2 0.870000
1188 1189 1.280000 2 0.870000
1189 1190 1.160000 8 0.850000
1190 1191 1.310000 4 0.630000
1191 1192 1.180000 2 0.650000
1192 1193 1.310000 8 0.840000
1193 1194 1.290000 4 0.710000
1194 1195 1.260000 3 0.820000
1195 1196 1.230000 7 0.640000
1196 1197 1.230000 7 0.640000
1197 1198 1.390000 8 0.610000
1198 1199 1.390000 8 0.610000
1199 1200 1.250000 4 0.800000
1200 1201 1.180000 2 0.650000
1201 1202 1.220000 2 0.650000
1202 1203 1.210000 6 0.840000
1203 1204 1.210000 6 0.840000
1204 1205 1.120000 8 0.770000
1205 1206 1.180000 2 0.650000
1206 1207 1.210000 6 0.840000
1207 1208 1.160000 4 0.770000
1208 1209 1.320000 2 0.780000
1209 1210 1.160000 4 0.770000
1210 1211 1.210000 6 0.840000
1211 1212 1.210000 6 0.840000
1212 1213 1.210000 6 0.840000
1213 1214 1.210000 6 0.840000
1214 1215 1.220000 2 0.650000
1215 1216 1.140000 2 0.790000
1216 1217 1.280000 3 0.640000
1217 1218 1.250000 4 0.800000
1218 1219 1.210000 8 0.770000
1219 1220 1.160000 4 0.770000
1220 1221 1.160000 4 0.770000
1221 1222 1.120000 8 0.770000
1222 1223 1.160000 4 0.770000
1223 1224 1.210000 6 0.840000
1224 1225 1.180000 2 0.650000
1225 1226 1.180000 2 0.650000
1226 1227 1.180000 2 0.650000
1227 1228 1.180000 2 0.650000
1228 1229 1.230000 7 0.640000
1229 1230 1.230000 7 0.640000
1230 1231 1.300000 7 0.830000
1231 1232 1.340000 2 0.600000
1232 1233 1.130000 3 0.720000
1233 1234 1.290000 4 0.710000
1234 1235 1.290000 4 0.710000
1235 1236 1.180000 2 0.650000
1236 1237 1.240000 3 0.840000
1237 1238 1.180000 2 0.650000
1238 1239 1.190000 5 0.710000
1239 1240 1.110000 6 0.650000
1240 1241 1.130000 3 0.720000
1241 1242 1.180000 2 0.650000
1242 1243 1.180000 2 0.650000
1243 1244 1.390000 6 0.850000
1244 1245 1.390000 6 0.850000
1245 1246 1.120000 2 0.890000
1246 1247 1.120000 7 0.780000
1247 1248 1.120000 3 0.630000
1248 1249 1.180000 2 0.650000
1249 1250 1.180000 2 0.650000
1250 1251 1.180000 2 0.650000
1251 1252 1.210000 6 0.840000
1252 1253 1.210000 6 0.840000
1253 1254 1.110000 4 0.860000
1254 1255 1.320000 3 0.620000
1255 1256 1.120000 4 0.750000
1256 1257 1.210000 6 0.840000
1257 1258 1.140000 6 0.790000
1258 1259 1.140000 6 0.790000
1259 1260 1.360000 3 0.770000
1260 1261 1.120000 4 0.750000
1261 1262 1.160000 8 0.850000
1262 1263 1.160000 8 0.850000
1263 1264 1.210000 6 0.840000
1264 1265 1.180000 2 0.650000
1265 1266 1.180000 2 0.650000
1266 1267 1.350000 6 0.830000
1267 1268 1.180000 2 0.650000
1268 1269 1.180000 2 0.650000
1269 1270 1.180000 2 0.650000
1270 1271 1.180000 2 0.650000
1271 1272 1.390000 6 0.850000
1272 1273 1.160000 8 0.850000
1273 1274 1.360000 3 0.770000
1274 1275 1.390000 6 0.850000
1275 1276 1.230000 7 0.640000
1276 1277 1.180000 2 0.650000
1277 1278 1.160000 4 0.770000
1278 1279 1.210000 6 0.840000
1279 1280 1.370000 2 0.610000
1280 1281 1.140000 2 0.790000
1281 1282 1.370000 2 0.610000
1282 1283 1.280000 3 0.770000
1283 1284 1.330000 7 0.760000
1284 1285 1.340000 6 0.790000
1285 1286 1.190000 3 0.760000
1286 1287 1.230000 5 0.840000
1287 1288 1.190000 8 0.630000
1288 1289 1.190000 8 0.630000
1289 1290 1.320000 3 0.620000
1290 1291 1.210000 6 0.840000
1291 1292 1.120000 2 0.890000
1292 1293 1.280000 5 0.710000
1293 1294 1.120000 3 0.740000
1294 1295 1.140000 4 0.820000
1295 1296 1.220000 2 0.650000
1296 1297 1.220000 2 0.650000
1297 1298 1.160000 8 0.850000
1298 1299 1.180000 2 0.650000
1299 1300 1.180000 2 0.650000
1300 1301 1.160000 4 0.770000
1301 1302 1.290000 8 0.770000
1302 1303 1.230000 7 0.640000
1303 1304 1.210000 6 0.840000
1304 1305 1.180000 2 0.650000
1305 1306 1.390000 2 0.690000
1306 1307 1.250000 4 0.800000
1307 1308 1.180000 2 0.650000
1308 1309 1.210000 8 0.770000
1309 1310 1.260000 6 0.890000
1310 1311 1.350000 6 0.830000
1311 1312 1.160000 6 0.790000
1312 1313 1.340000 2 0.600000
1313 1314 1.290000 7 0.620000
1314 1315 1.160000 8 0.850000
1315 1316 1.230000 8 0.780000
1316 1317 1.370000 2 0.610000
1317 1318 1.160000 4 0.770000
1318 1319 1.100000 7 0.690000
1319 1320 1.340000 6 0.790000
1320 1321 1.230000 7 0.640000
1321 1322 1.230000 4 0.750000
1322 1323 1.180000 2 0.650000
1323 1324 1.210000 6 0.840000
1324 1325 1.360000 3 0.770000
1325 1326 1.120000 8 0.880000
1326 1327 1.210000 6 0.840000
1327 1328 1.220000 2 0.650000
1328 1329 1.140000 6 0.790000
1329 1330 1.180000 2 0.650000
1330 1331 1.210000 6 0.840000
1331 1332 1.240000 3 0.600000
1332 1333 1.210000 6 0.840000
1333 1334 1.160000 4 0.770000
1334 1335 1.370000 3 0.820000
1335 1336 1.160000 4 0.770000
1336 1337 1.160000 4 0.770000
1337 1338 1.160000 4 0.770000
1338 1339 1.320000 2 0.780000
1339 1340 1.160000 4 0.770000
1340 1341 1.200000 5 0.850000
1341 1342 1.160000 4 0.770000
1342 1343 1.210000 6 0.840000
1343 1344 1.210000 6 0.840000
1344 1345 1.240000 8 0.870000
1345 1346 1.160000 4 0.770000
1346 1347 1.160000 4 0.770000
1347 1348 1.180000 2 0.650000
1348 1349 1.180000 2 0.650000
1349 1350 1.340000 2 0.600000
1350 1351 1.360000 3 0.770000
1351 1352 1.160000 4 0.770000
1352 1353 1.160000 4 0.770000
1353 1354 1.160000 4 0.770000
1354 1355 1.160000 8 0.850000
1355 1356 1.360000 3 0.770000
1356 1357 1.160000 8 0.850000
1357 1358 1.160000 8 0.850000
1358 1359 1.160000 8 0.850000
1359 1360 1.160000 8 0.850000
1360 1361 1.160000 8 0.850000
1361 1362 1.180000 2 0.650000
1362 1363 1.180000 2 0.650000
1363 1364 1.180000 2 0.650000
1364 1365 1.220000 6 0.680000
1365 1366 1.260000 2 0.810000
1366 1367 1.180000 2 0.650000
1367 1368 1.180000 2 0.650000
1368 1369 1.210000 8 0.770000
1369 1370 1.140000 6 0.790000
1370 1371 1.280000 2 0.870000
1371 1372 1.180000 2 0.650000
1372 1373 1.160000 6 0.850000
1373 1374 1.140000 6 0.790000
1374 1375 1.220000 5 0.860000
1375 1376 1.120000 3 0.630000
1376 1377 1.210000 6 0.840000
1377 1378 1.210000 6 0.840000
1378 1379 1.280000 2 0.730000
1379 1380 1.340000 6 0.790000
1380 1381 1.180000 2 0.650000
1381 1382 1.230000 7 0.640000
1382 1383 1.230000 7 0.640000
1383 1384 1.210000 6 0.840000
1384 1385 1.210000 6 0.840000
1385 1386 1.210000 6 0.840000
1386 1387 1.120000 8 0.880000
1387 1388 1.350000 8 0.650000
1388 1389 1.190000 3 0.760000
1389 1390 1.210000 6 0.840000
1390 1391 1.340000 6 0.790000
1391 1392 1.210000 6 0.840000
1392 1393 1.210000 6 0.840000
1393 1394 1.160000 4 0.770000
1394 1395 1.230000 7 0.640000
1395 1396 1.160000 4 0.770000
1396 1397 1.360000 6 0.710000
1397 1398 1.230000 7 0.640000
1398 1399 1.160000 4 0.770000
1399 1400 1.360000 3 0.770000
1400 1401 1.230000 7 0.640000
1401 1402 1.360000 3 0.770000
1402 1403 1.140000 6 0.790000
1403 1404 1.160000 4 0.770000
1404 1405 1.200000 5 0.850000
1405 1406 1.160000 4 0.770000
1406 1407 1.370000 2 0.610000
1407 1408 1.190000 4 0.870000
1408 1409 1.280000 5 0.710000
1409 1410 1.140000 6 0.790000
1410 1411 1.160000 4 0.770000
1411 1412 1.230000 8 0.780000
1412 1413 1.160000 8 0.850000
1413 1414 1.160000 8 0.850000
1414 1415 1.160000 8 0.850000
1415 1416 1.160000 8 0.850000
1416 1417 1.120000 2 0.890000
1417 1418 1.350000 6 0.830000
1418 1419 1.290000 7 0.620000
1419 1420 1.180000 2 0.650000
1420 1421 1.180000 2 0.650000
1421 1422 1.180000 2 0.650000
1422 1423 1.210000 8 0.770000
1423 1424 1.190000 5 0.710000
1424 1425 1.180000 2 0.650000
1425 1426 1.180000 2 0.650000
1426 1427 1.180000 2 0.650000
1427 1428 1.180000 2 0.650000
1428 1429 1.180000 2 0.650000
1429 1430 1.140000 2 0.790000
1430 1431 1.340000 6 0.790000
1431 1432 1.340000 6 0.790000
1432 1433 1.230000 7 0.640000
1433 1434 1.360000 4 0.680000
1434 1435 1.230000 7 0.640000
1435 1436 1.210000 8 0.770000
1436 1437 1.190000 8 0.630000
1437 1438 1.190000 8 0.630000
1438 1439 1.390000 5 0.770000
1439 1440 1.180000 2 0.650000
1440 1441 1.210000 8 0.770000
1441 1442 1.110000 5 0.730000
1442 1443 1.190000 4 0.690000
1443 1444 1.170000 7 0.800000
1444 1445 1.180000 2 0.650000
1445 1446 1.210000 6 0.840000
1446 1447 1.190000 4 0.690000
1447 1448 1.190000 4 0.690000
1448 1449 1.360000 3 0.770000
1449 1450 1.350000 6 0.830000
1450 1451 1.350000 6 0.830000
1451 1452 1.160000 8 0.850000
1452 1453 1.360000 3 0.770000
1453 1454 1.160000 8 0.850000
1454 1455 1.180000 8 0.630000
1455 1456 1.290000 4 0.710000
1456 1457 1.210000 6 0.840000
1457 1458 1.210000 6 0.840000
1458 1459 1.180000 2 0.650000
1459 1460 1.180000 2 0.650000
1460 1461 1.180000 2 0.650000
1461 1462 1.210000 6 0.840000
1462 1463 1.180000 2 0.650000
1463 1464 1.180000 2 0.650000
1464 1465 1.180000 2 0.650000
1465 1466 1.180000 2 0.650000
1466 1467 1.320000 3 0.620000
1467 1468 1.190000 5 0.710000
1468 1469 1.190000 8 0.630000
1469 1470 1.230000 4 0.750000
1470 1471 1.230000 7 0.640000
1471 1472 1.320000 6 0.700000
1472 1473 1.380000 2 0.680000
1473 1474 1.210000 6 0.840000
1474 1475 1.210000 8 0.770000
1475 1476 1.210000 6 0.840000
1476 1477 1.180000 2 0.650000
1477 1478 1.180000 2 0.650000
1478 1479 1.230000 7 0.640000
1479 1480 1.230000 7 0.640000
1480 1481 1.180000 2 0.650000
1481 1482 1.180000 2 0.650000
1482 1483 1.180000 2 0.650000
1483 1484 1.180000 2 0.650000
1484 1485 1.180000 2 0.650000
1485 1486 1.190000 5 0.710000
1486 1487 1.190000 5 0.710000
1487 1488 1.210000 6 0.840000
1488 1489 1.220000 2 0.650000
1489 1490 1.220000 2 0.650000
1490 1491 1.320000 3 0.620000
1491 1492 1.320000 3 0.620000
1492 1493 1.180000 2 0.650000
1493 1494 1.180000 2 0.650000
1494 1495 1.390000 8 0.610000
1495 1496 1.140000 7 0.680000
1496 1497 1.320000 3 0.620000
1497 1498 1.180000 2 0.650000
1498 1499 1.230000 7 0.640000
1499 1500 1.180000 2 0.650000
1500 1501 1.180000 2 0.650000
1501 1502 1.180000 2 0.650000
1502 1503 1.180000 2 0.650000
1503 1504 1.280000 5 0.630000
1504 1505 1.360000 3 0.880000
1505 1506 1.320000 3 0.620000
1506 1507 1.210000 6 0.840000
1507 1508 1.360000 3 0.770000
1508 1509 1.180000 2 0.650000
1509 1510 1.140000 6 0.790000
1510 1511 1.180000 2 0.650000
1511 1512 1.150000 4 0.750000
1512 1513 1.220000 5 0.860000
1513 1514 1.130000 3 0.720000
1514 1515 1.220000 5 0.860000
1515 1516 1.140000 6 0.790000
1516 1517 1.210000 8 0.770000
1517 1518 1.150000 2 0.870000
1518 1519 1.210000 8 0.770000
1519 1520 1.350000 6 0.830000
1520 1521 1.210000 8 0.770000
1521 1522 1.180000 2 0.650000
1522 1523 1.180000 2 0.650000
1523 1524 1.190000 8 0.630000
1524 1525 1.190000 3 0.760000
1525 1526 1.390000 5 0.770000
1526 1527 1.180000 2 0.650000
1527 1528 1.210000 6 0.840000
1528 1529 1.120000 2 0.890000
1529 1530 1.180000 2 0.650000
1530 1531 1.180000 2 0.650000
1531 1532 1.230000 2 0.830000
1532 1533 1.210000 8 0.770000
1533 1534 1.390000 5 0.770000
1534 1535 1.140000 2 0.790000
1535 1536 1.230000 4 0.750000
1536 1537 1.210000 4 0.780000
1537 1538 1.240000 8 0.610000
1538 1539 1.290000 4 0.710000
1539 1540 1.370000 2 0.610000
1540 1541 1.310000 4 0.860000
1541 1542 1.360000 3 0.700000
1542 1543 1.180000 2 0.650000
1543 1544 1.180000 2 0.650000
1544 1545 1.180000 2 0.650000
1545 1546 1.210000 2 0.640000
1546 1547 1.320000 6 0.700000
1547 1548 1.230000 7 0.640000
1548 1549 1.140000 2 0.790000
1549 1550 1.210000 4 0.780000
1550 1551 1.320000 6 0.700000
1551 1552 1.320000 6 0.700000
1552 1553 1.180000 2 0.650000
1553 1554 1.330000 2 0.630000
1554 1555 1.210000 8 0.770000
1555 1556 1.130000 8 0.790000
1556 1557 1.210000 6 0.840000
1557 1558 1.290000 3 0.640000
1558 1559 1.230000 7 0.640000
1559 1560 1.230000 7 0.640000
1560 1561 1.180000 8 0.630000
1561 1562 1.180000 2 0.650000
1562 1563 1.160000 8 0.850000
1563 1564 1.180000 2 0.650000
1564 1565 1.250000 4 0.800000
1565 1566 1.180000 2 0.650000
1566 1567 1.180000 2 0.650000
1567 1568 1.180000 2 0.650000
1568 1569 1.180000 2 0.650000
1569 1570 1.180000 2 0.650000
1570 1571 1.380000 7 0.770000
1571 1572 1.180000 2 0.650000
1572 1573 1.180000 2 0.650000
1573 1574 1.160000 8 0.850000
1574 1575 1.160000 8 0.850000
1575 1576 1.160000 4 0.770000
1576 1577 1.160000 8 0.850000
1577 1578 1.340000 2 0.600000
1578 1579 1.380000 7 0.770000
1579 1580 1.340000 2 0.600000
1580 1581 1.160000 8 0.850000
1581 1582 1.340000 2 0.600000
1582 1583 1.340000 2 0.600000
1583 1584 1.160000 8 0.850000
1584 1585 1.120000 3 0.740000
1585 1586 1.340000 2 0.600000
1586 1587 1.140000 6 0.790000
1587 1588 1.160000 8 0.850000
1588 1589 1.140000 6 0.790000
1589 1590 1.360000 3 0.770000
1590 1591 1.380000 2 0.730000
1591 1592 1.270000 8 0.820000
1592 1593 1.180000 2 0.650000
1593 1594 1.140000 6 0.790000
1594 1595 1.140000 6 0.790000
1595 1596 1.160000 6 0.790000
1596 1597 1.280000 2 0.870000
1597 1598 1.160000 6 0.790000
1598 1599 1.360000 2 0.730000
1599 1600 1.120000 4 0.750000
1600 1601 1.350000 6 0.830000
1601 1602 1.390000 6 0.850000
1602 1603 1.290000 7 0.620000
1603 1604 1.220000 2 0.650000
1604 1605 1.290000 7 0.620000
1605 1606 1.180000 2 0.650000
1606 1607 1.350000 4 0.860000
1607 1608 1.340000 2 0.600000
1608 1609 1.280000 2 0.870000
1609 1610 1.290000 4 0.710000
1610 1611 1.290000 4 0.710000
1611 1612 1.110000 6 0.650000
1612 1613 1.350000 6 0.830000
1613 1614 1.350000 6 0.830000
1614 1615 1.110000 4 0.860000
1615 1616 1.140000 6 0.790000
1616 1617 1.290000 4 0.710000
1617 1618 1.290000 4 0.710000
1618 1619 1.290000 4 0.710000
1619 1620 1.390000 6 0.850000
1620 1621 1.390000 6 0.850000
1621 1622 1.390000 6 0.850000
1622 1623 1.180000 6 0.600000
1623 1624 1.390000 6 0.850000
1624 1625 1.290000 4 0.710000
1625 1626 1.110000 6 0.650000
1626 1627 1.210000 8 0.770000
1627 1628 1.210000 8 0.770000
1628 1629 1.110000 6 0.650000
1629 1630 1.110000 6 0.650000
1630 1631 1.110000 4 0.860000
1631 1632 1.110000 4 0.860000
1632 1633 1.110000 4 0.860000
1633 1634 1.110000 4 0.860000
1634 1635 1.390000 6 0.850000
1635 1636 1.110000 4 0.860000
1636 1637 1.110000 4 0.860000
1637 1638 1.110000 4 0.860000
1638 1639 1.110000 4 0.860000
1639 1640 1.120000 7 0.780000
1640 1641 1.110000 4 0.860000
1641 1642 1.110000 4 0.860000
1642 1643 1.390000 6 0.850000
1643 1644 1.390000 6 0.850000
1644 1645 1.390000 6 0.850000
1645 1646 1.390000 6 0.850000
1646 1647 1.130000 3 0.720000
1647 1648 1.130000 3 0.720000
1648 1649 1.390000 6 0.850000
1649 1650 1.130000 3 0.720000
1650 1651 1.390000 6 0.850000
1651 1652 1.340000 2 0.600000
1652 1653 1.340000 2 0.600000
1653 1654 1.390000 6 0.850000
1654 1655 1.110000 4 0.860000
1655 1656 1.350000 6 0.830000
1656 1657 1.390000 6 0.850000
1657 1658 1.390000 6 0.850000
1658 1659 1.110000 6 0.650000
1659 1660 1.110000 6 0.650000
1660 1661 1.390000 6 0.850000
1661 1662 1.350000 6 0.830000
1662 1663 1.210000 8 0.780000
1663 1664 1.120000 3 0.740000
1664 1665 1.160000 8 0.850000
1665 1666 1.240000 3 0.890000
1666 1667 1.210000 8 0.780000
1667 1668 1.340000 2 0.600000
1668 1669 1.340000 2 0.600000
1669 1670 1.340000 2 0.600000
1670 1671 1.350000 8 0.810000
1671 1672 1.100000 4 0.840000
1672 1673 1.350000 8 0.810000
1673 1674 1.190000 5 0.740000
1674 1675 1.350000 6 0.830000
1675 1676 1.240000 2 0.710000
1676 1677 1.240000 2 0.710000
1677 1678 1.240000 2 0.710000
1678 1679 1.190000 4 0.690000
1679 1680 1.160000 8 0.850000
1680 1681 1.390000 6 0.850000
1681 1682 1.230000 8 0.780000
1682 1683 1.210000 8 0.770000
1683 1684 1.350000 6 0.830000
1684 1685 1.370000 2 0.610000
1685 1686 1.210000 8 0.770000
1686 1687 1.210000 8 0.770000
1687 1688 1.200000 7 0.740000
1688 1689 1.370000 2 0.610000
1689 1690 1.180000 2 0.650000
1690 1691 1.280000 5 0.710000
1691 1692 1.140000 6 0.790000
1692 1693 1.140000 6 0.790000
1693 1694 1.180000 2 0.650000
1694 1695 1.140000 6 0.790000
1695 1696 1.180000 2 0.650000
1696 1697 1.180000 2 0.650000
1697 1698 1.140000 6 0.790000
1698 1699 1.290000 4 0.710000
1699 1700 1.310000 4 0.630000
1700 1701 1.250000 4 0.800000
1701 1702 1.170000 6 0.870000
1702 1703 1.320000 2 0.820000
1703 1704 1.120000 3 0.860000
1704 1705 1.180000 2 0.650000
1705 1706 1.250000 4 0.800000
1706 1707 1.140000 6 0.790000
1707 1708 1.170000 6 0.870000
1708 1709 1.160000 8 0.850000
1709 1710 1.120000 3 0.740000
1710 1711 1.180000 2 0.650000
1711 1712 1.210000 8 0.780000
1712 1713 1.160000 8 0.850000
1713 1714 1.240000 3 0.890000
1714 1715 1.160000 8 0.850000
1715 1716 1.160000 8 0.850000
1716 1717 1.160000 8 0.850000
1717 1718 1.160000 8 0.850000
1718 1719 1.160000 8 0.850000
1719 1720 1.340000 2 0.600000
1720 1721 1.180000 2 0.650000
1721 1722 1.340000 2 0.600000
1722 1723 1.210000 8 0.770000
1723 1724 1.360000 3 0.770000
1724 1725 1.280000 5 0.710000
1725 1726 1.180000 2 0.650000
1726 1727 1.180000 2 0.650000
1727 1728 1.170000 6 0.870000
1728 1729 1.160000 6 0.790000
1729 1730 1.160000 6 0.790000
1730 1731 1.210000 8 0.770000
1731 1732 1.180000 2 0.650000
1732 1733 1.160000 8 0.850000
1733 1734 1.180000 2 0.650000
1734 1735 1.180000 2 0.650000
1735 1736 1.180000 2 0.650000
1736 1737 1.290000 4 0.710000
1737 1738 1.280000 2 0.870000
1738 1739 1.160000 8 0.850000
1739 1740 1.160000 8 0.850000
1740 1741 1.180000 2 0.650000
1741 1742 1.160000 8 0.850000
1742 1743 1.180000 2 0.650000
1743 1744 1.180000 2 0.650000
1744 1745 1.180000 2 0.650000
1745 1746 1.180000 2 0.650000
1746 1747 1.180000 2 0.650000
1747 1748 1.180000 2 0.650000
1748 1749 1.180000 2 0.650000
1749 1750 1.340000 2 0.600000
1750 1751 1.340000 2 0.600000
1751 1752 1.240000 2 0.710000
1752 1753 1.180000 6 0.680000
1753 1754 1.140000 6 0.790000
1754 1755 1.210000 8 0.780000
1755 1756 1.180000 2 0.650000
1756 1757 1.350000 6 0.830000
1757 1758 1.120000 5 0.830000
1758 1759 1.210000 6 0.840000
1759 1760 1.180000 2 0.650000
1760 1761 1.140000 6 0.790000
1761 1762 1.290000 4 0.710000
1762 1763 1.140000 6 0.790000
1763 1764 1.180000 2 0.650000
1764 1765 1.380000 7 0.770000
1765 1766 1.140000 6 0.790000
1766 1767 1.180000 2 0.650000
1767 1768 1.290000 4 0.710000
1768 1769 1.240000 2 0.710000
1769 1770 1.160000 8 0.850000
1770 1771 1.160000 8 0.850000
1771 1772 1.210000 8 0.780000
1772 1773 1.210000 8 0.780000
1773 1774 1.350000 6 0.830000
1774 1775 1.120000 3 0.740000
1775 1776 1.160000 8 0.850000
1776 1777 1.180000 2 0.650000
1777 1778 1.160000 8 0.850000
1778 1779 1.150000 4 0.750000
1779 1780 1.180000 2 0.650000
1780 1781 1.180000 2 0.650000
1781 1782 1.180000 2 0.650000
1782 1783 1.310000 8 0.840000
1783 1784 1.180000 2 0.650000
1784 1785 1.180000 2 0.650000
1785 1786 1.340000 2 0.600000
1786 1787 1.350000 8 0.810000
1787 1788 1.340000 2 0.600000
1788 1789 1.230000 7 0.640000
1789 1790 1.180000 2 0.650000
1790 1791 1.310000 8 0.840000
1791 1792 1.140000 6 0.790000
1792 1793 1.170000 6 0.870000
1793 1794 1.210000 8 0.780000
1794 1795 1.160000 8 0.850000
1795 1796 1.160000 8 0.850000
1796 1797 1.160000 8 0.850000
1797 1798 1.160000 8 0.850000
1798 1799 1.160000 8 0.850000
1799 1800 1.160000 8 0.850000
1800 1801 1.160000 8 0.850000
1801 1802 1.160000 8 0.850000
1802 1803 1.240000 8 0.870000
1803 1804 1.120000 3 0.890000
1804 1805 1.290000 4 0.710000
1805 1806 1.110000 6 0.650000
1806 1807 1.210000 8 0.780000
1807 1808 1.110000 6 0.650000
1808 1809 1.110000 6 0.650000
1809 1810 1.110000 6 0.650000
1810 1811 1.140000 6 0.790000
1811 1812 1.180000 2 0.650000
1812 1813 1.180000 2 0.650000
1813 1814 1.110000 5 0.730000
1814 1815 1.350000 8 0.810000
1815 1816 1.180000 2 0.650000
1816 1817 1.120000 3 0.740000
1817 1818 1.180000 2 0.650000
1818 1819 1.370000 2 0.610000
1819 1820 1.160000 8 0.850000
1820 1821 1.160000 8 0.850000
1821 1822 1.160000 8 0.850000
1822 1823 1.350000 8 0.810000
1823 1824 1.180000 2 0.650000
1824 1825 1.210000 8 0.770000
1825 1826 1.190000 8 0.630000
1826 1827 1.110000 6 0.650000
1827 1828 1.360000 3 0.880000
1828 1829 1.180000 2 0.650000
1829 1830 1.350000 6 0.830000
1830 1831 1.180000 2 0.650000
1831 1832 1.140000 6 0.790000
1832 1833 1.180000 2 0.650000
1833 1834 1.180000 2 0.650000
1834 1835 1.360000 3 0.880000
1835 1836 1.110000 4 0.860000
1836 1837 1.190000 4 0.870000
1837 1838 1.180000 2 0.650000
1838 1839 1.210000 6 0.840000
1839 1840 1.280000 2 0.870000
1840 1841 1.180000 2 0.650000
1841 1842 1.160000 8 0.850000
1842 1843 1.160000 8 0.850000
1843 1844 1.160000 8 0.850000
1844 1845 1.160000 8 0.850000
1845 1846 1.340000 2 0.600000
1846 1847 1.340000 2 0.600000
1847 1848 1.110000 6 0.650000
1848 1849 1.180000 2 0.650000
1849 1850 1.290000 4 0.710000
1850 1851 1.180000 2 0.650000
1851 1852 1.180000 2 0.650000
1852 1853 1.210000 8 0.770000
1853 1854 1.180000 2 0.650000
1854 1855 1.180000 2 0.650000
1855 1856 1.180000 2 0.650000
1856 1857 1.110000 6 0.650000
1857 1858 1.130000 3 0.720000
1858 1859 1.110000 4 0.860000
1859 1860 1.160000 8 0.850000
1860 1861 1.160000 8 0.850000
1861 1862 1.270000 5 0.860000
1862 1863 1.210000 8 0.770000
1863 1864 1.180000 2 0.650000
1864 1865 1.180000 2 0.650000
1865 1866 1.180000 2 0.650000
1866 1867 1.110000 6 0.650000
1867 1868 1.180000 2 0.650000
1868 1869 1.160000 8 0.850000
1869 1870 1.160000 8 0.850000
1870 1871 1.160000 6 0.790000
1871 1872 1.160000 8 0.850000
1872 1873 1.170000 6 0.870000
1873 1874 1.160000 8 0.850000
1874 1875 1.160000 8 0.850000
1875 1876 1.170000 6 0.870000
1876 1877 1.180000 2 0.650000
1877 1878 1.120000 3 0.740000
1878 1879 1.130000 3 0.720000
1879 1880 1.130000 3 0.720000
1880 1881 1.130000 3 0.720000
1881 1882 1.110000 6 0.650000
1882 1883 1.130000 3 0.720000
1883 1884 1.390000 8 0.610000
1884 1885 1.110000 4 0.860000
1885 1886 1.110000 4 0.860000
1886 1887 1.120000 3 0.740000
1887 1888 1.180000 2 0.650000
1888 1889 1.180000 2 0.650000
1889 1890 1.180000 2 0.650000
1890 1891 1.180000 2 0.650000
1891 1892 1.180000 2 0.650000
1892 1893 1.180000 2 0.650000
1893 1894 1.180000 2 0.650000
1894 1895 1.290000 4 0.710000
1895 1896 1.180000 2 0.650000
1896 1897 1.120000 2 0.890000
1897 1898 1.360000 2 0.820000
1898 1899 1.310000 8 0.840000
1899 1900 1.160000 8 0.850000
1900 1901 1.210000 8 0.780000
1901 1902 1.340000 2 0.600000
1902 1903 1.340000 2 0.600000
1903 1904 1.140000 6 0.790000
1904 1905 1.180000 2 0.650000
1905 1906 1.340000 2 0.600000
1906 1907 1.340000 2 0.600000
1907 1908 1.380000 7 0.770000
1908 1909 1.280000 2 0.870000
1909 1910 1.110000 4 0.860000
1910 1911 1.110000 4 0.860000
1911 1912 1.140000 6 0.790000
1912 1913 1.140000 6 0.790000
1913 1914 1.140000 6 0.790000
1914 1915 1.180000 2 0.650000
1915 1916 1.140000 6 0.790000
1916 1917 1.180000 2 0.650000
1917 1918 1.140000 6 0.870000
1918 1919 1.340000 2 0.600000
1919 1920 1.180000 2 0.650000
1920 1921 1.180000 2 0.650000
1921 1922 1.180000 2 0.650000
1922 1923 1.180000 2 0.650000
1923 1924 1.210000 6 0.840000
1924 1925 1.140000 2 0.790000
1925 1926 1.190000 4 0.690000
1926 1927 1.180000 2 0.650000
1927 1928 1.190000 8 0.630000
1928 1929 1.180000 2 0.650000
1929 1930 1.280000 5 0.710000
1930 1931 1.120000 2 0.890000
1931 1932 1.130000 3 0.720000
1932 1933 1.360000 3 0.770000
1933 1934 1.160000 8 0.850000
1934 1935 1.160000 6 0.790000
1935 1936 1.340000 2 0.600000
1936 1937 1.180000 2 0.650000
1937 1938 1.180000 2 0.650000
1938 1939 1.340000 2 0.600000
1939 1940 1.140000 6 0.790000
1940 1941 1.140000 6 0.790000
1941 1942 1.140000 6 0.790000
1942 1943 1.110000 4 0.860000
1943 1944 1.110000 4 0.860000
1944 1945 1.110000 4 0.860000
1945 1946 1.140000 6 0.790000
1946 1947 1.180000 2 0.650000
1947 1948 1.180000 2 0.650000
1948 1949 1.130000 3 0.720000
1949 1950 1.160000 8 0.850000
1950 1951 1.160000 8 0.850000
1951 1952 1.380000 7 0.770000
1952 1953 1.180000 2 0.650000
1953 1954 1.280000 2 0.870000
1954 1955 1.100000 4 0.750000
1955 1956 1.360000 3 0.770000
1956 1957 1.350000 8 0.650000
1957 1958 1.360000 3 0.880000
1958 1959 1.180000 2 0.650000
1959 1960 1.350000 6 0.830000
1960 1961 1.350000 6 0.830000
1961 1962 1.350000 6 0.830000
1962 1963 1.160000 6 0.790000
1963 1964 1.120000 3 0.740000
1964 1965 1.120000 3 0.740000
1965 1966 1.180000 2 0.650000
1966 1967 1.350000 6 0.830000
1967 1968 1.260000 8 0.720000
1968 1969 1.340000 2 0.600000
1969 1970 1.160000 8 0.850000
1970 1971 1.350000 8 0.810000
1971 1972 1.240000 2 0.710000
1972 1973 1.380000 7 0.770000
1973 1974 1.380000 7 0.770000
1974 1975 1.380000 7 0.770000
1975 1976 1.380000 7 0.770000
1976 1977 1.380000 7 0.770000
1977 1978 1.370000 2 0.610000
1978 1979 1.120000 3 0.740000
1979 1980 1.310000 8 0.840000
1980 1981 1.140000 6 0.790000
1981 1982 1.260000 8 0.720000
1982 1983 1.160000 8 0.850000
1983 1984 1.380000 7 0.770000
1984 1985 1.380000 7 0.770000
1985 1986 1.180000 2 0.650000
1986 1987 1.180000 2 0.650000
1987 1988 1.180000 2 0.650000
1988 1989 1.120000 2 0.890000
1989 1990 1.270000 5 0.860000
1990 1991 1.180000 2 0.650000
1991 1992 1.300000 6 0.850000
1992 1993 1.180000 2 0.650000
1993 1994 1.180000 2 0.650000
1994 1995 1.120000 2 0.890000
1995 1996 1.180000 2 0.650000
1996 1997 1.180000 2 0.650000
1997 1998 1.210000 6 0.840000
1998 1999 1.350000 6 0.830000
1999 2000 1.360000 3 0.770000
2000 2001 1.280000 2 0.730000
2001 2002 1.140000 6 0.790000
2002 2003 1.140000 6 0.790000
2003 2004 1.120000 2 0.890000
2004 2005 1.180000 2 0.650000
2005 2006 1.140000 6 0.790000
2006 2007 1.140000 6 0.790000
2007 2008 1.140000 6 0.790000
2008 2009 1.270000 5 0.860000
2009 2010 1.270000 5 0.860000
2010 2011 1.350000 6 0.830000
2011 2012 1.270000 5 0.860000
2012 2013 1.180000 2 0.650000
2013 2014 1.280000 2 0.870000
2014 2015 1.280000 5 0.710000
2015 2016 1.280000 5 0.710000
2016 2017 1.180000 2 0.650000
2017 2018 1.160000 8 0.850000
2018 2019 1.210000 8 0.780000
2019 2020 1.210000 8 0.780000
2020 2021 1.240000 3 0.890000
2021 2022 1.160000 8 0.850000
2022 2023 1.210000 8 0.770000
2023 2024 1.180000 2 0.650000
2024 2025 1.180000 2 0.650000
2025 2026 1.160000 8 0.850000
2026 2027 1.180000 2 0.650000
2027 2028 1.310000 4 0.630000
2028 2029 1.340000 6 0.790000
2029 2030 1.180000 2 0.650000
2030 2031 1.230000 7 0.640000
2031 2032 1.230000 7 0.640000
2032 2033 1.180000 2 0.650000
2033 2034 1.230000 7 0.640000
2034 2035 1.140000 6 0.790000
2035 2036 1.140000 6 0.790000
2036 2037 1.140000 6 0.790000
2037 2038 1.140000 6 0.790000
2038 2039 1.140000 6 0.790000
2039 2040 1.140000 6 0.790000
2040 2041 1.340000 2 0.600000
2041 2042 1.150000 4 0.750000
2042 2043 1.100000 4 0.840000
2043 2044 1.160000 8 0.850000
2044 2045 1.210000 8 0.770000
2045 2046 1.170000 6 0.870000
2046 2047 1.140000 6 0.790000
2047 2048 1.340000 2 0.600000
2048 2049 1.340000 2 0.600000
2049 2050 1.340000 2 0.600000
2050 2051 1.340000 2 0.600000
2051 2052 1.340000 2 0.600000
2052 2053 1.180000 2 0.650000
2053 2054 1.290000 4 0.710000
2054 2055 1.290000 4 0.710000
2055 2056 1.160000 8 0.850000
2056 2057 1.110000 6 0.650000
2057 2058 1.240000 2 0.710000
2058 2059 1.120000 3 0.890000
2059 2060 1.160000 8 0.850000
2060 2061 1.120000 3 0.890000
2061 2062 1.110000 6 0.650000
2062 2063 1.120000 3 0.890000
2063 2064 1.210000 8 0.780000
2064 2065 1.160000 8 0.850000
2065 2066 1.160000 8 0.850000
2066 2067 1.160000 8 0.850000
2067 2068 1.160000 8 0.850000
2068 2069 1.160000 8 0.850000
2069 2070 1.340000 2 0.600000
2070 2071 1.210000 8 0.780000
2071 2072 1.180000 2 0.650000
2072 2073 1.190000 8 0.630000
2073 2074 1.340000 2 0.600000
2074 2075 1.180000 2 0.650000
2075 2076 1.170000 6 0.870000
2076 2077 1.140000 6 0.790000
2077 2078 1.160000 8 0.850000
2078 2079 1.350000 8 0.810000
2079 2080 1.120000 3 0.740000
2080 2081 1.390000 6 0.850000
2081 2082 1.350000 6 0.830000
2082 2083 1.350000 6 0.830000
2083 2084 1.140000 6 0.870000
2084 2085 1.180000 2 0.650000
2085 2086 1.120000 2 0.890000
2086 2087 1.350000 6 0.830000
2087 2088 1.350000 6 0.830000
2088 2089 1.190000 8 0.630000
2089 2090 1.110000 4 0.860000
2090 2091 1.180000 2 0.650000
2091 2092 1.180000 2 0.650000
2092 2093 1.180000 2 0.650000
2093 2094 1.180000 2 0.650000
2094 2095 1.180000 2 0.650000
2095 2096 1.180000 2 0.650000
2096 2097 1.180000 2 0.650000
2097 2098 1.180000 2 0.650000
2098 2099 1.180000 2 0.650000
2099 2100 1.180000 2 0.650000
2100 2101 1.180000 2 0.650000
2101 2102 1.180000 2 0.650000
2102 2103 1.180000 2 0.650000
2103 2104 1.180000 2 0.650000
2104 2105 1.180000 2 0.650000
2105 2106 1.180000 2 0.650000
2106 2107 1.180000 2 0.650000
2107 2108 1.180000 2 0.650000
2108 2109 1.390000 6 0.850000
2109 2110 1.320000 3 0.620000
2110 2111 1.140000 6 0.790000
2111 2112 1.370000 2 0.610000
2112 2113 1.340000 2 0.600000
2113 2114 1.340000 2 0.600000
2114 2115 1.140000 6 0.790000
2115 2116 1.140000 6 0.790000
2116 2117 1.210000 2 0.640000
2117 2118 1.130000 3 0.720000
2118 2119 1.130000 3 0.720000
2119 2120 1.140000 6 0.790000
2120 2121 1.110000 6 0.650000
2121 2122 1.110000 6 0.650000
2122 2123 1.290000 7 0.620000
2123 2124 1.110000 6 0.650000
2124 2125 1.280000 2 0.870000
2125 2126 1.360000 4 0.780000
2126 2127 1.140000 6 0.790000
2127 2128 1.140000 6 0.790000
2128 2129 1.140000 6 0.790000
2129 2130 1.120000 2 0.890000
2130 2131 1.180000 2 0.650000
2131 2132 1.180000 2 0.650000
2132 2133 1.180000 2 0.650000
2133 2134 1.180000 2 0.650000
2134 2135 1.270000 5 0.860000
2135 2136 1.190000 8 0.630000
2136 2137 1.140000 6 0.790000
2137 2138 1.180000 2 0.650000
2138 2139 1.180000 2 0.650000
2139 2140 1.350000 8 0.810000
2140 2141 1.240000 2 0.710000
2141 2142 1.240000 2 0.710000
2142 2143 1.180000 2 0.650000
2143 2144 1.240000 2 0.710000
2144 2145 1.210000 8 0.770000
2145 2146 1.350000 4 0.860000
2146 2147 1.210000 8 0.770000
2147 2148 1.240000 2 0.710000
2148 2149 1.370000 2 0.610000
2149 2150 1.190000 4 0.690000
2150 2151 1.190000 4 0.690000
2151 2152 1.170000 6 0.870000
2152 2153 1.350000 8 0.810000
2153 2154 1.350000 6 0.830000
2154 2155 1.210000 8 0.780000
2155 2156 1.160000 8 0.850000
2156 2157 1.160000 8 0.850000
2157 2158 1.160000 8 0.850000
2158 2159 1.150000 4 0.750000
2159 2160 1.150000 4 0.750000
2160 2161 1.210000 6 0.840000
2161 2162 1.210000 6 0.840000
2162 2163 1.140000 6 0.790000
2163 2164 1.210000 6 0.840000
2164 2165 1.140000 6 0.790000
2165 2166 1.310000 4 0.630000
2166 2167 1.290000 4 0.710000
2167 2168 1.170000 6 0.870000
2168 2169 1.350000 6 0.830000
2169 2170 1.180000 4 0.720000
2170 2171 1.160000 8 0.850000
2171 2172 1.160000 8 0.850000
2172 2173 1.180000 2 0.650000
2173 2174 1.290000 4 0.710000
2174 2175 1.180000 2 0.650000
2175 2176 1.160000 8 0.850000
2176 2177 1.350000 6 0.830000
2177 2178 1.160000 8 0.850000
2178 2179 1.160000 8 0.850000
2179 2180 1.160000 8 0.850000
2180 2181 1.180000 2 0.650000
2181 2182 1.180000 2 0.650000
2182 2183 1.180000 2 0.650000
2183 2184 1.160000 8 0.850000
2184 2185 1.160000 8 0.850000
2185 2186 1.160000 8 0.850000
2186 2187 1.160000 8 0.850000
2187 2188 1.240000 3 0.890000
2188 2189 1.180000 2 0.650000
2189 2190 1.350000 8 0.810000
2190 2191 1.210000 8 0.780000
2191 2192 1.360000 3 0.770000
2192 2193 1.160000 8 0.850000
2193 2194 1.360000 3 0.770000
2194 2195 1.210000 8 0.770000
2195 2196 1.190000 8 0.630000
2196 2197 1.390000 6 0.850000
2197 2198 1.190000 8 0.630000
2198 2199 1.190000 8 0.630000
2199 2200 1.140000 6 0.790000
2200 2201 1.190000 8 0.630000
2201 2202 1.190000 8 0.630000
2202 2203 1.160000 4 0.770000
2203 2204 1.180000 2 0.650000
2204 2205 1.120000 2 0.890000
2205 2206 1.120000 2 0.890000
2206 2207 1.120000 3 0.630000
2207 2208 1.130000 3 0.720000
2208 2209 1.140000 6 0.790000
2209 2210 1.180000 2 0.650000
2210 2211 1.190000 8 0.630000
2211 2212 1.190000 8 0.630000
2212 2213 1.120000 2 0.890000
2213 2214 1.340000 2 0.600000
2214 2215 1.350000 6 0.830000
2215 2216 1.140000 6 0.790000
2216 2217 1.210000 8 0.770000
2217 2218 1.340000 2 0.600000
2218 2219 1.180000 2 0.650000
2219 2220 1.180000 2 0.650000
2220 2221 1.160000 4 0.770000
2221 2222 1.120000 2 0.890000
2222 2223 1.180000 2 0.650000
2223 2224 1.180000 2 0.650000
2224 2225 1.190000 8 0.630000
2225 2226 1.350000 4 0.860000
2226 2227 1.190000 8 0.630000
2227 2228 1.190000 8 0.630000
2228 2229 1.190000 8 0.630000
2229 2230 1.140000 6 0.790000
2230 2231 1.280000 5 0.710000
2231 2232 1.270000 5 0.860000
2232 2233 1.220000 2 0.650000
2233 2234 1.360000 3 0.770000
2234 2235 1.360000 3 0.770000
2235 2236 1.140000 6 0.790000
2236 2237 1.180000 2 0.650000
2237 2238 1.180000 2 0.650000
2238 2239 1.180000 2 0.650000
2239 2240 1.360000 4 0.780000
2240 2241 1.340000 2 0.600000
2241 2242 1.180000 2 0.650000
2242 2243 1.180000 2 0.650000
2243 2244 1.180000 2 0.650000
2244 2245 1.140000 6 0.790000
2245 2246 1.180000 2 0.650000
2246 2247 1.160000 8 0.850000
2247 2248 1.180000 2 0.650000
2248 2249 1.180000 2 0.650000
2249 2250 1.210000 8 0.770000
2250 2251 1.180000 2 0.650000
2251 2252 1.190000 8 0.630000
2252 2253 1.190000 8 0.630000
2253 2254 1.350000 4 0.860000
2254 2255 1.340000 2 0.600000
2255 2256 1.360000 3 0.770000
2256 2257 1.180000 2 0.650000
2257 2258 1.160000 8 0.850000
2258 2259 1.180000 2 0.650000
2259 2260 1.340000 2 0.600000
2260 2261 1.380000 3 0.840000
2261 2262 1.180000 2 0.650000
2262 2263 1.360000 4 0.780000
2263 2264 1.100000 3 0.830000
2264 2265 1.180000 2 0.650000
2265 2266 1.180000 2 0.650000
2266 2267 1.180000 2 0.650000
2267 2268 1.380000 3 0.840000
2268 2269 1.160000 8 0.850000
2269 2270 1.160000 8 0.850000
2270 2271 1.350000 6 0.830000
2271 2272 1.160000 8 0.850000
2272 2273 1.340000 2 0.600000
2273 2274 1.160000 8 0.850000
2274 2275 1.160000 8 0.850000
2275 2276 1.210000 8 0.770000
2276 2277 1.160000 4 0.770000
2277 2278 1.160000 8 0.850000
2278 2279 1.170000 6 0.870000
2279 2280 1.160000 8 0.850000
2280 2281 1.340000 2 0.600000
2281 2282 1.180000 2 0.650000
2282 2283 1.350000 6 0.830000
2283 2284 1.160000 8 0.850000
2284 2285 1.160000 8 0.850000
2285 2286 1.160000 8 0.850000
2286 2287 1.270000 5 0.860000
2287 2288 1.270000 5 0.860000
2288 2289 1.180000 2 0.650000
2289 2290 1.180000 2 0.650000
2290 2291 1.180000 2 0.650000
2291 2292 1.180000 2 0.650000
2292 2293 1.180000 2 0.650000
2293 2294 1.160000 8 0.850000
2294 2295 1.180000 2 0.650000
2295 2296 1.180000 2 0.650000
