0 1 1.310000 4 0.650000
1 2 1.170000 7 0.640000
2 3 1.380000 5 0.600000
3 4 1.240000 2 0.670000
4 5 1.330000 8 0.860000
5 6 1.390000 7 0.760000
6 7 1.110000 7 0.650000
7 8 1.320000 5 0.870000
8 9 1.140000 7 0.830000
9 10 1.200000 2 0.830000
10 11 1.200000 2 0.830000
11 12 1.100000 7 0.660000
12 13 1.170000 4 0.870000
13 14 1.260000 7 0.680000
14 15 1.330000 8 0.860000
15 16 1.170000 4 0.870000
16 17 1.270000 2 0.850000
17 18 1.200000 2 0.830000
18 19 1.200000 2 0.830000
19 20 1.190000 2 0.650000
20 21 1.120000 8 0.600000
21 22 1.200000 2 0.830000
22 23 1.310000 7 0.630000
23 24 1.390000 7 0.760000
24 25 1.170000 4 0.870000
25 26 1.100000 7 0.660000
26 27 1.330000 8 0.860000
27 28 1.200000 2 0.830000
28 29 1.200000 2 0.830000
29 30 1.200000 2 0.830000
30 31 1.200000 2 0.830000
31 32 1.200000 2 0.830000
32 33 1.200000 2 0.830000
33 34 1.200000 2 0.830000
34 35 1.160000 4 0.750000
35 36 1.310000 7 0.630000
36 37 1.200000 2 0.830000
37 38 1.110000 7 0.650000
38 39 1.390000 7 0.760000
39 40 1.170000 4 0.870000
40 41 1.100000 7 0.660000
41 42 1.100000 7 0.660000
42 43 1.200000 2 0.830000
43 44 1.200000 2 0.830000
44 45 1.100000 7 0.660000
45 46 1.170000 6 0.670000
46 47 1.170000 6 0.670000
47 48 1.370000 8 0.700000
48 49 1.120000 8 0.600000
49 50 1.330000 8 0.860000
50 51 1.270000 2 0.850000
51 52 1.320000 6 0.750000
52 53 1.100000 7 0.660000
53 54 1.160000 4 0.750000
54 55 1.120000 8 0.600000
55 56 1.270000 2 0.850000
56 57 1.200000 2 0.830000
57 58 1.200000 2 0.830000
58 59 1.200000 2 0.830000
59 60 1.110000 7 0.650000
60 61 1.270000 2 0.850000
61 62 1.200000 6 0.760000
62 63 1.200000 2 0.830000
63 64 1.380000 5 0.730000
64 65 1.200000 2 0.830000
65 66 1.200000 2 0.830000
66 67 1.200000 2 0.830000
67 68 1.160000 8 0.720000
68 69 1.390000 7 0.760000
69 70 1.340000 2 0.650000
70 71 1.330000 8 0.860000
71 72 1.310000 7 0.630000
72 73 1.170000 4 0.870000
73 74 1.330000 8 0.860000
74 75 1.320000 5 0.870000
75 76 1.120000 8 0.850000
76 77 1.100000 7 0.660000
77 78 1.200000 2 0.830000
78 79 1.120000 8 0.600000
79 80 1.100000 7 0.660000
80 81 1.260000 2 0.650000
81 82 1.260000 2 0.650000
82 83 1.120000 8 0.600000
83 84 1.390000 5 0.790000
84 85 1.120000 8 0.850000
85 86 1.360000 8 0.790000
86 87 1.260000 2 0.650000
87 88 1.390000 7 0.760000
88 89 1.200000 2 0.830000
89 90 1.270000 5 0.670000
90 91 1.270000 5 0.670000
91 92 1.330000 8 0.860000
92 93 1.100000 7 0.660000
93 94 1.110000 7 0.650000
94 95 1.160000 7 0.680000
95 96 1.160000 8 0.720000
96 97 1.150000 8 0.680000
97 98 1.310000 7 0.630000
98 99 1.310000 7 0.630000
99 100 1.360000 8 0.790000
100 101 1.390000 7 0.670000
101 102 1.160000 4 0.750000
102 103 1.360000 8 0.790000
103 104 1.260000 2 0.710000
104 105 1.390000 5 0.790000
105 106 1.300000 3 0.710000
106 107 1.320000 5 0.870000
107 108 1.320000 5 0.870000
108 109 1.330000 8 0.860000
109 110 1.140000 7 0.830000
110 111 1.380000 7 0.730000
111 112 1.130000 7 0.660000
112 113 1.330000 8 0.860000
113 114 1.160000 4 0.750000
114 115 1.310000 7 0.630000
115 116 1.200000 2 0.830000
116 117 1.210000 8 0.800000
117 118 1.380000 7 0.730000
118 119 1.160000 4 0.750000
119 120 1.130000 3 0.750000
120 121 1.100000 7 0.660000
121 122 1.310000 7 0.630000
122 123 1.170000 4 0.870000
123 124 1.330000 8 0.860000
124 125 1.310000 7 0.630000
125 126 1.200000 2 0.830000
126 127 1.260000 7 0.680000
127 128 1.200000 2 0.830000
128 129 1.100000 3 0.880000
129 130 1.160000 4 0.750000
130 131 1.200000 2 0.830000
131 132 1.200000 2 0.830000
132 133 1.100000 7 0.660000
133 134 1.160000 4 0.750000
134 135 1.160000 4 0.750000
135 136 1.100000 7 0.660000
136 137 1.160000 4 0.750000
137 138 1.300000 6 0.820000
138 139 1.130000 8 0.670000
139 140 1.300000 6 0.820000
140 141 1.140000 7 0.670000
141 142 1.140000 7 0.670000
142 143 1.140000 7 0.670000
143 144 1.100000 7 0.660000
144 145 1.390000 4 0.730000
145 146 1.100000 3 0.880000
146 147 1.160000 4 0.750000
147 148 1.100000 6 0.630000
148 149 1.100000 7 0.660000
149 150 1.170000 3 0.670000
150 151 1.130000 8 0.800000
151 152 1.240000 7 0.740000
152 153 1.150000 6 0.690000
153 154 1.320000 2 0.680000
154 155 1.390000 4 0.730000
155 156 1.170000 3 0.670000
156 157 1.200000 2 0.830000
157 158 1.150000 4 0.820000
158 159 1.150000 4 0.820000
159 160 1.390000 4 0.730000
160 161 1.200000 2 0.830000
161 162 1.390000 4 0.730000
162 163 1.390000 7 0.760000
163 164 1.390000 4 0.730000
164 165 1.350000 2 0.610000
165 166 1.200000 2 0.830000
166 167 1.200000 2 0.830000
167 168 1.160000 4 0.750000
168 169 1.200000 2 0.830000
169 170 1.160000 4 0.750000
170 171 1.120000 8 0.600000
171 172 1.140000 7 0.670000
172 173 1.200000 2 0.830000
173 174 1.200000 2 0.830000
174 175 1.110000 4 0.710000
175 176 1.120000 8 0.600000
176 177 1.170000 4 0.870000
177 178 1.120000 8 0.600000
178 179 1.120000 8 0.600000
179 180 1.200000 2 0.830000
180 181 1.200000 2 0.830000
181 182 1.110000 7 0.650000
182 183 1.180000 3 0.650000
183 184 1.200000 2 0.830000
184 185 1.110000 7 0.650000
185 186 1.140000 7 0.800000
186 187 1.390000 7 0.760000
187 188 1.310000 7 0.630000
188 189 1.310000 7 0.630000
189 190 1.360000 8 0.790000
190 191 1.170000 4 0.870000
191 192 1.170000 4 0.870000
192 193 1.390000 7 0.760000
193 194 1.390000 7 0.760000
194 195 1.360000 8 0.790000
195 196 1.360000 8 0.790000
196 197 1.270000 2 0.850000
197 198 1.270000 2 0.850000
198 199 1.120000 8 0.600000
199 200 1.120000 8 0.600000
200 201 1.330000 8 0.860000
201 202 1.120000 8 0.600000
202 203 1.110000 4 0.710000
203 204 1.300000 4 0.770000
204 205 1.330000 8 0.860000
205 206 1.110000 7 0.650000
206 207 1.360000 8 0.790000
207 208 1.170000 4 0.870000
208 209 1.340000 2 0.650000
209 210 1.330000 8 0.860000
210 211 1.110000 7 0.650000
211 212 1.110000 7 0.650000
212 213 1.380000 5 0.730000
213 214 1.110000 7 0.650000
214 215 1.320000 5 0.870000
215 216 1.100000 7 0.660000
216 217 1.120000 8 0.600000
217 218 1.330000 8 0.860000
218 219 1.360000 8 0.790000
219 220 1.110000 7 0.650000
220 221 1.310000 7 0.630000
221 222 1.130000 3 0.750000
222 223 1.310000 7 0.630000
223 224 1.310000 7 0.630000
224 225 1.320000 5 0.870000
225 226 1.360000 8 0.790000
226 227 1.360000 8 0.790000
227 228 1.360000 8 0.790000
228 229 1.310000 7 0.630000
229 230 1.170000 3 0.670000
230 231 1.360000 8 0.790000
231 232 1.200000 6 0.760000
232 233 1.200000 2 0.830000
233 234 1.170000 4 0.870000
234 235 1.160000 4 0.750000
235 236 1.190000 2 0.650000
236 237 1.340000 2 0.610000
237 238 1.190000 2 0.650000
238 239 1.160000 8 0.820000
239 240 1.100000 7 0.660000
240 241 1.200000 2 0.830000
241 242 1.270000 2 0.850000
242 243 1.330000 8 0.860000
243 244 1.200000 2 0.830000
244 245 1.200000 2 0.830000
245 246 1.200000 2 0.830000
246 247 1.260000 7 0.680000
247 248 1.190000 2 0.650000
248 249 1.200000 2 0.830000
249 250 1.330000 8 0.860000
250 251 1.330000 8 0.860000
251 252 1.390000 7 0.760000
252 253 1.390000 7 0.760000
253 254 1.390000 7 0.760000
254 255 1.190000 5 0.650000
255 256 1.190000 5 0.650000
256 257 1.380000 7 0.730000
257 258 1.110000 8 0.830000
258 259 1.220000 5 0.610000
259 260 1.220000 5 0.610000
260 261 1.350000 2 0.610000
261 262 1.300000 6 0.820000
262 263 1.300000 6 0.820000
263 264 1.390000 5 0.790000
264 265 1.100000 3 0.880000
265 266 1.350000 2 0.610000
266 267 1.250000 8 0.650000
267 268 1.170000 4 0.870000
268 269 1.150000 8 0.850000
269 270 1.150000 8 0.850000
270 271 1.140000 7 0.670000
271 272 1.100000 7 0.660000
272 273 1.150000 8 0.850000
273 274 1.160000 4 0.750000
274 275 1.340000 2 0.650000
275 276 1.240000 7 0.740000
276 277 1.200000 2 0.830000
277 278 1.330000 8 0.860000
278 279 1.190000 2 0.650000
279 280 1.190000 2 0.650000
280 281 1.330000 7 0.740000
281 282 1.110000 7 0.650000
282 283 1.320000 6 0.750000
283 284 1.310000 7 0.630000
284 285 1.170000 4 0.870000
285 286 1.200000 2 0.830000
286 287 1.110000 7 0.650000
287 288 1.170000 4 0.870000
288 289 1.170000 4 0.870000
289 290 1.170000 4 0.870000
290 291 1.170000 4 0.870000
291 292 1.160000 8 0.720000
292 293 1.380000 7 0.730000
293 294 1.380000 7 0.730000
294 295 1.120000 8 0.600000
295 296 1.330000 8 0.860000
296 297 1.360000 8 0.790000
297 298 1.120000 8 0.600000
298 299 1.170000 4 0.870000
299 300 1.300000 4 0.770000
300 301 1.120000 8 0.600000
301 302 1.120000 8 0.600000
302 303 1.310000 7 0.630000
303 304 1.110000 7 0.650000
304 305 1.380000 7 0.730000
305 306 1.120000 8 0.850000
306 307 1.110000 7 0.650000
307 308 1.320000 5 0.870000
308 309 1.120000 8 0.600000
309 310 1.310000 7 0.630000
310 311 1.140000 7 0.830000
311 312 1.320000 5 0.870000
312 313 1.270000 2 0.850000
313 314 1.120000 8 0.600000
314 315 1.340000 2 0.610000
315 316 1.270000 2 0.850000
316 317 1.200000 2 0.830000
317 318 1.200000 2 0.830000
318 319 1.200000 2 0.830000
319 320 1.160000 4 0.750000
320 321 1.110000 7 0.650000
321 322 1.110000 7 0.650000
322 323 1.390000 7 0.760000
323 324 1.130000 6 0.650000
324 325 1.340000 2 0.770000
325 326 1.150000 8 0.680000
326 327 1.190000 5 0.650000
327 328 1.130000 5 0.680000
328 329 1.390000 7 0.760000
329 330 1.230000 2 0.730000
330 331 1.300000 6 0.820000
331 332 1.300000 6 0.810000
332 333 1.260000 7 0.680000
333 334 1.300000 6 0.810000
334 335 1.150000 6 0.690000
335 336 1.350000 2 0.610000
336 337 1.120000 8 0.600000
337 338 1.120000 8 0.600000
338 339 1.160000 4 0.750000
339 340 1.170000 4 0.870000
340 341 1.330000 8 0.860000
341 342 1.110000 7 0.650000
342 343 1.110000 7 0.650000
343 344 1.310000 7 0.630000
344 345 1.310000 7 0.630000
345 346 1.330000 8 0.860000
346 347 1.170000 4 0.870000
347 348 1.310000 7 0.630000
348 349 1.320000 5 0.870000
349 350 1.120000 8 0.600000
350 351 1.340000 2 0.650000
351 352 1.360000 8 0.790000
352 353 1.310000 7 0.630000
353 354 1.330000 8 0.860000
354 355 1.360000 8 0.790000
355 356 1.360000 8 0.790000
356 357 1.120000 8 0.600000
357 358 1.300000 4 0.770000
358 359 1.170000 4 0.870000
359 360 1.310000 7 0.630000
360 361 1.130000 5 0.860000
361 362 1.110000 7 0.650000
362 363 1.120000 8 0.600000
363 364 1.320000 5 0.870000
364 365 1.330000 8 0.860000
365 366 1.330000 8 0.860000
366 367 1.170000 4 0.870000
367 368 1.390000 5 0.790000
368 369 1.310000 7 0.630000
369 370 1.110000 7 0.650000
370 371 1.110000 7 0.650000
371 372 1.180000 2 0.800000
372 373 1.180000 2 0.800000
373 374 1.180000 2 0.800000
374 375 1.110000 7 0.650000
375 376 1.310000 7 0.630000
376 377 1.310000 7 0.630000
377 378 1.310000 7 0.630000
378 379 1.360000 8 0.790000
379 380 1.120000 8 0.600000
380 381 1.310000 7 0.630000
381 382 1.310000 7 0.630000
382 383 1.130000 5 0.860000
383 384 1.170000 4 0.870000
384 385 1.380000 7 0.730000
385 386 1.170000 4 0.870000
386 387 1.320000 5 0.870000
387 388 1.380000 7 0.730000
388 389 1.170000 4 0.870000
389 390 1.320000 8 0.650000
390 391 1.220000 6 0.800000
391 392 1.130000 5 0.680000
392 393 1.130000 5 0.680000
393 394 1.390000 4 0.730000
394 395 1.120000 7 0.650000
395 396 1.380000 7 0.750000
396 397 1.160000 7 0.680000
397 398 1.380000 5 0.600000
398 399 1.130000 7 0.660000
399 400 1.160000 4 0.750000
400 401 1.270000 2 0.850000
401 402 1.240000 7 0.740000
402 403 1.120000 8 0.600000
403 404 1.200000 2 0.830000
404 405 1.330000 8 0.860000
405 406 1.110000 7 0.650000
406 407 1.100000 7 0.660000
407 408 1.110000 7 0.650000
408 409 1.170000 4 0.870000
409 410 1.330000 8 0.860000
410 411 1.170000 4 0.870000
411 412 1.200000 2 0.830000
412 413 1.310000 7 0.630000
413 414 1.380000 7 0.730000
414 415 1.110000 7 0.650000
415 416 1.330000 8 0.860000
416 417 1.330000 8 0.860000
417 418 1.380000 7 0.730000
418 419 1.120000 8 0.600000
419 420 1.120000 8 0.600000
420 421 1.200000 2 0.830000
421 422 1.380000 5 0.730000
422 423 1.310000 7 0.630000
423 424 1.310000 7 0.630000
424 425 1.310000 7 0.630000
425 426 1.110000 7 0.650000
426 427 1.330000 8 0.860000
427 428 1.100000 7 0.660000
428 429 1.190000 2 0.650000
429 430 1.330000 8 0.860000
430 431 1.200000 2 0.830000
431 432 1.200000 2 0.830000
432 433 1.380000 7 0.730000
433 434 1.120000 8 0.600000
434 435 1.200000 2 0.830000
435 436 1.110000 7 0.650000
436 437 1.360000 8 0.790000
437 438 1.320000 5 0.870000
438 439 1.270000 5 0.880000
439 440 1.200000 2 0.830000
440 441 1.170000 4 0.870000
441 442 1.380000 5 0.730000
442 443 1.120000 8 0.600000
443 444 1.310000 7 0.630000
444 445 1.320000 6 0.750000
445 446 1.200000 2 0.830000
446 447 1.200000 2 0.830000
447 448 1.330000 8 0.860000
448 449 1.330000 8 0.860000
449 450 1.360000 8 0.790000
450 451 1.200000 2 0.830000
451 452 1.380000 5 0.730000
452 453 1.320000 5 0.870000
453 454 1.320000 5 0.870000
454 455 1.260000 2 0.650000
455 456 1.180000 2 0.800000
456 457 1.180000 2 0.800000
457 458 1.330000 8 0.860000
458 459 1.170000 4 0.870000
459 460 1.270000 2 0.850000
460 461 1.200000 2 0.830000
461 462 1.200000 2 0.830000
462 463 1.310000 7 0.630000
463 464 1.310000 7 0.630000
464 465 1.330000 8 0.860000
465 466 1.170000 4 0.870000
466 467 1.110000 7 0.650000
467 468 1.110000 7 0.650000
468 469 1.320000 5 0.870000
469 470 1.160000 8 0.720000
470 471 1.100000 7 0.660000
471 472 1.150000 6 0.690000
472 473 1.120000 8 0.850000
473 474 1.110000 7 0.650000
474 475 1.160000 8 0.720000
475 476 1.330000 8 0.860000
476 477 1.300000 6 0.880000
477 478 1.160000 8 0.720000
478 479 1.110000 7 0.650000
479 480 1.110000 7 0.650000
480 481 1.310000 7 0.630000
481 482 1.100000 7 0.660000
482 483 1.110000 7 0.650000
483 484 1.330000 8 0.860000
484 485 1.170000 4 0.870000
485 486 1.320000 5 0.870000
486 487 1.170000 4 0.870000
487 488 1.310000 7 0.630000
488 489 1.110000 7 0.650000
489 490 1.310000 7 0.630000
490 491 1.110000 7 0.650000
491 492 1.310000 7 0.630000
492 493 1.360000 8 0.790000
493 494 1.110000 7 0.760000
494 495 1.360000 8 0.790000
495 496 1.320000 4 0.630000
496 497 1.310000 7 0.630000
497 498 1.330000 8 0.860000
498 499 1.170000 4 0.870000
499 500 1.110000 7 0.650000
500 501 1.160000 8 0.720000
501 502 1.320000 5 0.870000
502 503 1.390000 5 0.790000
503 504 1.270000 2 0.850000
504 505 1.200000 2 0.830000
505 506 1.310000 7 0.630000
506 507 1.130000 3 0.750000
507 508 1.330000 8 0.860000
508 509 1.320000 5 0.870000
509 510 1.310000 7 0.630000
510 511 1.110000 3 0.610000
511 512 1.360000 8 0.790000
512 513 1.170000 4 0.870000
513 514 1.170000 4 0.870000
514 515 1.330000 7 0.740000
515 516 1.200000 2 0.830000
516 517 1.320000 5 0.870000
517 518 1.150000 8 0.850000
518 519 1.340000 2 0.610000
519 520 1.330000 8 0.860000
520 521 1.150000 6 0.690000
521 522 1.110000 7 0.650000
522 523 1.150000 8 0.850000
523 524 1.350000 2 0.610000
524 525 1.380000 7 0.750000
525 526 1.260000 7 0.680000
526 527 1.260000 7 0.680000
527 528 1.200000 2 0.830000
528 529 1.300000 5 0.740000
529 530 1.160000 4 0.750000
530 531 1.160000 4 0.750000
531 532 1.140000 6 0.870000
532 533 1.160000 4 0.750000
533 534 1.100000 7 0.660000
534 535 1.360000 8 0.790000
535 536 1.310000 7 0.630000
536 537 1.110000 7 0.650000
537 538 1.170000 4 0.870000
538 539 1.310000 7 0.630000
539 540 1.330000 8 0.860000
540 541 1.120000 8 0.600000
541 542 1.100000 7 0.660000
542 543 1.310000 7 0.630000
543 544 1.100000 7 0.660000
544 545 1.170000 4 0.870000
545 546 1.120000 8 0.600000
546 547 1.310000 7 0.630000
547 548 1.320000 5 0.870000
548 549 1.360000 8 0.790000
549 550 1.330000 8 0.860000
550 551 1.380000 5 0.730000
551 552 1.270000 2 0.850000
552 553 1.200000 2 0.830000
553 554 1.100000 7 0.660000
554 555 1.370000 2 0.630000
555 556 1.300000 5 0.740000
556 557 1.200000 2 0.830000
557 558 1.160000 8 0.820000
558 559 1.300000 5 0.740000
559 560 1.140000 5 0.840000
560 561 1.170000 4 0.870000
561 562 1.100000 7 0.660000
562 563 1.290000 4 0.600000
563 564 1.380000 6 0.710000
564 565 1.100000 7 0.660000
565 566 1.330000 8 0.630000
566 567 1.140000 7 0.670000
567 568 1.130000 5 0.680000
568 569 1.140000 7 0.670000
569 570 1.130000 5 0.680000
570 571 1.140000 7 0.670000
571 572 1.120000 6 0.860000
572 573 1.390000 7 0.760000
573 574 1.150000 6 0.690000
574 575 1.340000 2 0.610000
575 576 1.140000 7 0.670000
576 577 1.390000 7 0.760000
577 578 1.390000 7 0.760000
578 579 1.390000 7 0.760000
579 580 1.190000 6 0.880000
580 581 1.100000 7 0.660000
581 582 1.350000 2 0.610000
582 583 1.100000 7 0.660000
583 584 1.350000 2 0.610000
584 585 1.390000 7 0.760000
585 586 1.110000 5 0.630000
586 587 1.110000 7 0.650000
587 588 1.300000 6 0.820000
588 589 1.320000 6 0.750000
589 590 1.300000 6 0.820000
590 591 1.290000 3 0.750000
591 592 1.100000 7 0.660000
592 593 1.200000 2 0.830000
593 594 1.220000 5 0.730000
594 595 1.200000 2 0.830000
595 596 1.200000 2 0.830000
596 597 1.200000 2 0.830000
597 598 1.200000 2 0.830000
598 599 1.270000 2 0.850000
599 600 1.200000 2 0.830000
600 601 1.380000 7 0.730000
601 602 1.380000 6 0.860000
602 603 1.200000 2 0.830000
603 604 1.140000 7 0.670000
604 605 1.130000 5 0.690000
605 606 1.200000 2 0.830000
606 607 1.380000 7 0.730000
607 608 1.120000 7 0.650000
608 609 1.200000 2 0.830000
609 610 1.200000 2 0.830000
610 611 1.330000 8 0.860000
611 612 1.380000 7 0.730000
612 613 1.330000 8 0.860000
613 614 1.330000 8 0.860000
614 615 1.380000 7 0.730000
615 616 1.170000 4 0.870000
616 617 1.270000 5 0.880000
617 618 1.270000 5 0.880000
618 619 1.380000 5 0.730000
619 620 1.200000 2 0.830000
620 621 1.110000 7 0.650000
621 622 1.270000 5 0.880000
622 623 1.110000 3 0.610000
623 624 1.300000 3 0.710000
624 625 1.110000 7 0.650000
625 626 1.270000 5 0.880000
626 627 1.270000 5 0.880000
627 628 1.330000 2 0.800000
628 629 1.270000 5 0.880000
629 630 1.300000 3 0.710000
630 631 1.300000 3 0.710000
631 632 1.300000 3 0.710000
632 633 1.300000 3 0.710000
633 634 1.300000 3 0.710000
634 635 1.300000 3 0.710000
635 636 1.270000 5 0.880000
636 637 1.270000 5 0.880000
637 638 1.300000 3 0.710000
638 639 1.380000 7 0.730000
639 640 1.270000 5 0.880000
640 641 1.270000 5 0.880000
641 642 1.220000 8 0.860000
642 643 1.110000 3 0.610000
643 644 1.130000 5 0.650000
644 645 1.380000 7 0.730000
645 646 1.380000 7 0.730000
646 647 1.380000 7 0.730000
647 648 1.300000 3 0.710000
648 649 1.300000 3 0.710000
649 650 1.300000 3 0.710000
650 651 1.300000 3 0.710000
651 652 1.300000 3 0.710000
652 653 1.110000 3 0.610000
653 654 1.110000 7 0.650000
654 655 1.110000 7 0.650000
655 656 1.110000 7 0.650000
656 657 1.300000 3 0.710000
657 658 1.300000 3 0.710000
658 659 1.300000 3 0.710000
659 660 1.300000 3 0.710000
660 661 1.300000 3 0.710000
661 662 1.300000 3 0.710000
662 663 1.110000 7 0.650000
663 664 1.330000 8 0.860000
664 665 1.110000 7 0.650000
665 666 1.110000 7 0.650000
666 667 1.110000 7 0.650000
667 668 1.300000 3 0.710000
668 669 1.300000 3 0.710000
669 670 1.300000 3 0.710000
670 671 1.240000 2 0.670000
671 672 1.380000 7 0.730000
672 673 1.110000 7 0.650000
673 674 1.380000 7 0.730000
674 675 1.380000 7 0.730000
675 676 1.380000 7 0.730000
676 677 1.380000 7 0.730000
677 678 1.380000 7 0.730000
678 679 1.380000 7 0.730000
679 680 1.380000 7 0.730000
680 681 1.380000 7 0.730000
681 682 1.380000 7 0.730000
682 683 1.380000 7 0.730000
683 684 1.380000 7 0.730000
684 685 1.240000 2 0.670000
685 686 1.240000 2 0.670000
686 687 1.300000 3 0.710000
687 688 1.300000 3 0.710000
688 689 1.380000 7 0.730000
689 690 1.300000 3 0.710000
690 691 1.300000 3 0.710000
691 692 1.300000 3 0.710000
692 693 1.300000 3 0.710000
693 694 1.300000 3 0.710000
694 695 1.180000 2 0.800000
695 696 1.300000 3 0.710000
696 697 1.300000 3 0.710000
697 698 1.300000 3 0.710000
698 699 1.150000 6 0.690000
699 700 1.150000 6 0.690000
700 701 1.300000 3 0.710000
701 702 1.300000 3 0.710000
702 703 1.300000 3 0.710000
703 704 1.300000 3 0.710000
704 705 1.300000 3 0.710000
705 706 1.300000 3 0.710000
706 707 1.330000 8 0.860000
707 708 1.380000 7 0.730000
708 709 1.380000 7 0.730000
709 710 1.300000 3 0.710000
710 711 1.380000 7 0.750000
711 712 1.300000 3 0.710000
712 713 1.300000 3 0.710000
713 714 1.200000 5 0.870000
714 715 1.300000 3 0.710000
715 716 1.380000 7 0.730000
716 717 1.380000 7 0.730000
717 718 1.300000 3 0.710000
718 719 1.300000 3 0.710000
719 720 1.300000 3 0.710000
720 721 1.380000 7 0.730000
721 722 1.380000 7 0.730000
722 723 1.150000 6 0.690000
723 724 1.160000 7 0.680000
724 725 1.170000 4 0.870000
725 726 1.170000 4 0.870000
726 727 1.140000 7 0.670000
727 728 1.150000 6 0.690000
728 729 1.140000 7 0.670000
729 730 1.140000 7 0.670000
730 731 1.180000 3 0.650000
731 732 1.180000 3 0.650000
732 733 1.290000 2 0.760000
733 734 1.300000 3 0.710000
734 735 1.300000 3 0.710000
735 736 1.270000 5 0.880000
736 737 1.260000 3 0.780000
737 738 1.300000 3 0.710000
738 739 1.160000 8 0.720000
739 740 1.380000 7 0.730000
740 741 1.300000 3 0.710000
741 742 1.380000 7 0.730000
742 743 1.380000 7 0.730000
743 744 1.380000 7 0.730000
744 745 1.380000 7 0.730000
745 746 1.300000 3 0.710000
746 747 1.300000 3 0.710000
747 748 1.300000 3 0.710000
748 749 1.300000 3 0.710000
749 750 1.300000 3 0.710000
750 751 1.300000 3 0.710000
751 752 1.300000 3 0.710000
752 753 1.300000 3 0.710000
753 754 1.300000 3 0.710000
754 755 1.130000 5 0.860000
755 756 1.380000 5 0.780000
756 757 1.390000 5 0.790000
757 758 1.380000 7 0.730000
758 759 1.300000 3 0.710000
759 760 1.300000 3 0.710000
760 761 1.110000 7 0.650000
761 762 1.300000 3 0.710000
762 763 1.300000 3 0.710000
763 764 1.150000 6 0.690000
764 765 1.150000 6 0.690000
765 766 1.390000 7 0.760000
766 767 1.390000 5 0.790000
767 768 1.270000 5 0.880000
768 769 1.300000 3 0.710000
769 770 1.300000 3 0.710000
770 771 1.300000 3 0.710000
771 772 1.300000 3 0.710000
772 773 1.390000 5 0.790000
773 774 1.330000 8 0.860000
774 775 1.150000 4 0.790000
775 776 1.110000 7 0.650000
776 777 1.200000 2 0.830000
777 778 1.300000 3 0.710000
778 779 1.340000 2 0.770000
779 780 1.380000 7 0.750000
780 781 1.380000 7 0.730000
781 782 1.150000 6 0.690000
782 783 1.170000 4 0.870000
783 784 1.380000 7 0.730000
784 785 1.110000 7 0.650000
785 786 1.300000 3 0.710000
786 787 1.300000 3 0.710000
787 788 1.270000 5 0.880000
788 789 1.300000 3 0.710000
789 790 1.270000 5 0.880000
790 791 1.300000 3 0.710000
791 792 1.300000 3 0.710000
792 793 1.270000 5 0.880000
793 794 1.300000 3 0.710000
794 795 1.300000 3 0.710000
795 796 1.300000 3 0.710000
796 797 1.170000 4 0.870000
797 798 1.110000 7 0.650000
798 799 1.260000 4 0.600000
799 800 1.200000 2 0.830000
800 801 1.200000 2 0.830000
801 802 1.300000 6 0.810000
802 803 1.200000 2 0.830000
803 804 1.190000 2 0.650000
804 805 1.110000 7 0.650000
805 806 1.380000 7 0.730000
806 807 1.350000 2 0.610000
807 808 1.120000 8 0.600000
808 809 1.150000 8 0.680000
809 810 1.320000 6 0.750000
810 811 1.300000 6 0.820000
811 812 1.300000 6 0.820000
812 813 1.150000 6 0.690000
813 814 1.350000 2 0.610000
814 815 1.380000 7 0.730000
815 816 1.170000 4 0.870000
816 817 1.380000 7 0.730000
817 818 1.380000 7 0.750000
818 819 1.380000 7 0.730000
819 820 1.180000 3 0.630000
820 821 1.150000 6 0.690000
821 822 1.170000 4 0.870000
822 823 1.380000 5 0.780000
823 824 1.110000 7 0.650000
824 825 1.110000 7 0.650000
825 826 1.390000 5 0.790000
826 827 1.110000 7 0.650000
827 828 1.110000 7 0.650000
828 829 1.110000 7 0.650000
829 830 1.330000 8 0.860000
830 831 1.110000 7 0.650000
831 832 1.380000 7 0.730000
832 833 1.300000 3 0.710000
833 834 1.110000 7 0.650000
834 835 1.380000 7 0.730000
835 836 1.180000 2 0.800000
836 837 1.380000 7 0.730000
837 838 1.300000 3 0.710000
838 839 1.380000 7 0.730000
839 840 1.380000 7 0.730000
840 841 1.300000 3 0.710000
841 842 1.300000 3 0.710000
842 843 1.300000 3 0.710000
843 844 1.300000 3 0.710000
844 845 1.300000 3 0.710000
845 846 1.300000 3 0.710000
846 847 1.300000 3 0.710000
847 848 1.220000 4 0.700000
848 849 1.380000 7 0.730000
849 850 1.270000 5 0.880000
850 851 1.270000 5 0.880000
851 852 1.300000 3 0.710000
852 853 1.300000 3 0.710000
853 854 1.200000 5 0.870000
854 855 1.300000 3 0.710000
855 856 1.200000 5 0.870000
856 857 1.300000 3 0.710000
857 858 1.140000 7 0.830000
858 859 1.110000 7 0.650000
859 860 1.300000 3 0.710000
860 861 1.300000 3 0.710000
861 862 1.380000 7 0.730000
862 863 1.190000 2 0.650000
863 864 1.380000 7 0.730000
864 865 1.350000 2 0.610000
865 866 1.260000 4 0.600000
866 867 1.340000 2 0.610000
867 868 1.130000 5 0.890000
868 869 1.340000 2 0.610000
869 870 1.120000 8 0.600000
870 871 1.200000 6 0.760000
871 872 1.100000 7 0.660000
872 873 1.190000 2 0.650000
873 874 1.350000 2 0.610000
874 875 1.390000 5 0.790000
875 876 1.110000 7 0.650000
876 877 1.110000 7 0.650000
877 878 1.390000 5 0.790000
878 879 1.300000 3 0.710000
879 880 1.380000 7 0.730000
880 881 1.110000 7 0.650000
881 882 1.240000 2 0.670000
882 883 1.200000 5 0.870000
883 884 1.300000 3 0.710000
884 885 1.200000 5 0.870000
885 886 1.150000 6 0.690000
886 887 1.180000 2 0.800000
887 888 1.270000 5 0.880000
888 889 1.200000 5 0.870000
889 890 1.300000 3 0.710000
890 891 1.300000 3 0.710000
891 892 1.300000 3 0.710000
892 893 1.300000 3 0.710000
893 894 1.300000 3 0.710000
894 895 1.300000 3 0.710000
895 896 1.300000 3 0.710000
896 897 1.300000 3 0.710000
897 898 1.300000 3 0.710000
898 899 1.300000 3 0.710000
899 900 1.270000 5 0.880000
900 901 1.300000 3 0.710000
901 902 1.300000 3 0.710000
902 903 1.300000 3 0.710000
903 904 1.270000 5 0.880000
904 905 1.300000 3 0.710000
905 906 1.270000 5 0.880000
906 907 1.300000 3 0.710000
907 908 1.380000 7 0.730000
908 909 1.300000 3 0.710000
909 910 1.300000 3 0.710000
910 911 1.300000 3 0.710000
911 912 1.300000 3 0.710000
912 913 1.240000 2 0.670000
913 914 1.240000 2 0.670000
914 915 1.300000 3 0.710000
915 916 1.110000 7 0.650000
916 917 1.110000 7 0.650000
917 918 1.110000 7 0.650000
918 919 1.110000 7 0.650000
919 920 1.120000 7 0.650000
920 921 1.150000 4 0.820000
921 922 1.350000 2 0.610000
922 923 1.200000 2 0.830000
923 924 1.170000 4 0.870000
924 925 1.380000 7 0.730000
925 926 1.380000 7 0.730000
926 927 1.340000 2 0.770000
927 928 1.380000 7 0.730000
928 929 1.380000 7 0.730000
929 930 1.380000 7 0.730000
930 931 1.380000 7 0.730000
931 932 1.300000 3 0.710000
932 933 1.370000 3 0.670000
933 934 1.150000 6 0.690000
934 935 1.320000 5 0.870000
935 936 1.160000 7 0.680000
936 937 1.260000 2 0.650000
937 938 1.170000 4 0.870000
938 939 1.170000 4 0.870000
939 940 1.350000 2 0.610000
940 941 1.350000 2 0.610000
941 942 1.280000 8 0.600000
942 943 1.350000 2 0.610000
943 944 1.370000 3 0.670000
944 945 1.110000 7 0.650000
945 946 1.390000 5 0.790000
946 947 1.320000 5 0.870000
947 948 1.380000 7 0.750000
948 949 1.380000 7 0.750000
949 950 1.380000 7 0.750000
950 951 1.160000 7 0.680000
951 952 1.110000 7 0.650000
952 953 1.340000 2 0.770000
953 954 1.300000 3 0.710000
954 955 1.110000 7 0.650000
955 956 1.320000 2 0.680000
956 957 1.200000 2 0.830000
957 958 1.130000 5 0.860000
958 959 1.200000 5 0.870000
959 960 1.320000 2 0.680000
960 961 1.390000 7 0.760000
961 962 1.180000 3 0.630000
962 963 1.160000 7 0.680000
963 964 1.320000 5 0.870000
964 965 1.110000 7 0.650000
965 966 1.110000 7 0.650000
966 967 1.160000 7 0.680000
967 968 1.150000 6 0.690000
968 969 1.320000 5 0.870000
969 970 1.150000 6 0.690000
970 971 1.350000 2 0.610000
971 972 1.110000 7 0.650000
972 973 1.390000 5 0.790000
973 974 1.180000 3 0.630000
974 975 1.390000 7 0.760000
975 976 1.110000 7 0.650000
976 977 1.150000 6 0.690000
977 978 1.230000 2 0.880000
978 979 1.200000 2 0.830000
979 980 1.160000 4 0.750000
980 981 1.380000 7 0.730000
981 982 1.350000 3 0.630000
982 983 1.150000 6 0.690000
983 984 1.350000 2 0.610000
984 985 1.150000 6 0.690000
985 986 1.140000 6 0.870000
986 987 1.100000 7 0.660000
987 988 1.100000 7 0.660000
988 989 1.260000 2 0.650000
989 990 1.380000 7 0.730000
990 991 1.380000 5 0.730000
991 992 1.390000 5 0.790000
992 993 1.390000 5 0.790000
993 994 1.200000 2 0.830000
994 995 1.380000 7 0.730000
995 996 1.380000 5 0.730000
996 997 1.140000 7 0.830000
997 998 1.300000 3 0.710000
998 999 1.330000 8 0.860000
999 1000 1.380000 7 0.730000
1000 1001 1.300000 3 0.710000
1001 1002 1.300000 3 0.710000
1002 1003 1.300000 3 0.710000
1003 1004 1.300000 3 0.710000
1004 1005 1.300000 3 0.710000
1005 1006 1.110000 7 0.650000
1006 1007 1.120000 7 0.650000
1007 1008 1.390000 7 0.760000
1008 1009 1.380000 7 0.730000
1009 1010 1.120000 7 0.650000
1010 1011 1.170000 4 0.870000
1011 1012 1.120000 8 0.600000
1012 1013 1.120000 7 0.650000
1013 1014 1.170000 4 0.870000
1014 1015 1.110000 7 0.650000
1015 1016 1.120000 7 0.650000
1016 1017 1.170000 4 0.870000
1017 1018 1.130000 8 0.800000
1018 1019 1.170000 4 0.870000
1019 1020 1.330000 8 0.860000
1020 1021 1.380000 7 0.730000
1021 1022 1.380000 7 0.750000
1022 1023 1.380000 7 0.730000
1023 1024 1.310000 7 0.630000
1024 1025 1.310000 4 0.650000
1025 1026 1.380000 7 0.730000
1026 1027 1.380000 7 0.730000
1027 1028 1.380000 7 0.730000
1028 1029 1.380000 7 0.730000
1029 1030 1.300000 3 0.710000
1030 1031 1.300000 3 0.710000
1031 1032 1.380000 7 0.730000
1032 1033 1.300000 3 0.870000
1033 1034 1.380000 7 0.730000
1034 1035 1.380000 7 0.730000
1035 1036 1.270000 5 0.880000
1036 1037 1.270000 5 0.880000
1037 1038 1.390000 7 0.760000
1038 1039 1.380000 7 0.730000
1039 1040 1.200000 2 0.830000
1040 1041 1.180000 3 0.650000
1041 1042 1.380000 6 0.860000
1042 1043 1.300000 3 0.710000
1043 1044 1.300000 3 0.710000
1044 1045 1.180000 2 0.800000
1045 1046 1.390000 7 0.760000
1046 1047 1.380000 7 0.730000
1047 1048 1.300000 3 0.710000
1048 1049 1.110000 7 0.650000
1049 1050 1.330000 8 0.860000
1050 1051 1.190000 2 0.650000
1051 1052 1.190000 2 0.650000
1052 1053 1.330000 8 0.860000
1053 1054 1.390000 7 0.760000
1054 1055 1.340000 2 0.650000
1055 1056 1.390000 7 0.760000
1056 1057 1.110000 7 0.650000
1057 1058 1.390000 5 0.790000
1058 1059 1.120000 7 0.650000
1059 1060 1.240000 2 0.670000
1060 1061 1.110000 7 0.650000
1061 1062 1.110000 7 0.650000
1062 1063 1.240000 2 0.670000
1063 1064 1.110000 7 0.650000
1064 1065 1.240000 2 0.670000
1065 1066 1.240000 2 0.670000
1066 1067 1.300000 3 0.710000
1067 1068 1.300000 3 0.710000
1068 1069 1.300000 3 0.710000
1069 1070 1.300000 3 0.710000
1070 1071 1.300000 3 0.710000
1071 1072 1.300000 3 0.710000
1072 1073 1.300000 3 0.710000
1073 1074 1.300000 3 0.710000
1074 1075 1.300000 3 0.710000
1075 1076 1.300000 3 0.710000
1076 1077 1.300000 3 0.710000
1077 1078 1.300000 3 0.710000
1078 1079 1.300000 3 0.710000
1079 1080 1.300000 3 0.710000
1080 1081 1.300000 3 0.710000
1081 1082 1.300000 3 0.710000
1082 1083 1.300000 3 0.710000
1083 1084 1.240000 2 0.670000
1084 1085 1.240000 2 0.670000
1085 1086 1.380000 7 0.730000
1086 1087 1.300000 3 0.710000
1087 1088 1.300000 3 0.710000
1088 1089 1.300000 3 0.710000
1089 1090 1.240000 2 0.670000
1090 1091 1.300000 3 0.710000
1091 1092 1.300000 3 0.710000
1092 1093 1.110000 5 0.610000
1093 1094 1.300000 3 0.710000
1094 1095 1.150000 4 0.820000
1095 1096 1.330000 8 0.860000
1096 1097 1.270000 5 0.880000
1097 1098 1.330000 8 0.860000
1098 1099 1.330000 8 0.860000
1099 1100 1.180000 2 0.800000
1100 1101 1.380000 7 0.730000
1101 1102 1.300000 3 0.710000
1102 1103 1.300000 3 0.710000
1103 1104 1.300000 3 0.710000
1104 1105 1.300000 3 0.710000
1105 1106 1.300000 3 0.710000
1106 1107 1.300000 3 0.710000
1107 1108 1.300000 3 0.710000
1108 1109 1.300000 3 0.710000
1109 1110 1.110000 7 0.650000
1110 1111 1.110000 7 0.650000
1111 1112 1.110000 7 0.650000
1112 1113 1.300000 3 0.710000
1113 1114 1.380000 7 0.730000
1114 1115 1.190000 2 0.650000
1115 1116 1.380000 7 0.730000
1116 1117 1.380000 7 0.730000
1117 1118 1.380000 7 0.730000
1118 1119 1.380000 7 0.730000
1119 1120 1.380000 7 0.730000
1120 1121 1.380000 7 0.730000
1121 1122 1.360000 8 0.790000
1122 1123 1.330000 8 0.860000
1123 1124 1.200000 2 0.830000
1124 1125 1.110000 7 0.650000
1125 1126 1.380000 7 0.750000
1126 1127 1.110000 7 0.650000
1127 1128 1.120000 7 0.650000
1128 1129 1.330000 8 0.860000
1129 1130 1.330000 8 0.860000
1130 1131 1.320000 4 0.630000
1131 1132 1.300000 6 0.820000
1132 1133 1.100000 7 0.660000
1133 1134 1.100000 7 0.660000
1134 1135 1.340000 2 0.610000
1135 1136 1.200000 4 0.740000
1136 1137 1.180000 3 0.650000
1137 1138 1.340000 2 0.610000
1138 1139 1.120000 8 0.600000
1139 1140 1.180000 2 0.800000
1140 1141 1.150000 6 0.690000
1141 1142 1.110000 7 0.650000
1142 1143 1.110000 7 0.650000
1143 1144 1.110000 7 0.650000
1144 1145 1.330000 8 0.860000
1145 1146 1.300000 3 0.710000
1146 1147 1.300000 3 0.710000
1147 1148 1.300000 3 0.710000
1148 1149 1.300000 3 0.710000
1149 1150 1.300000 3 0.710000
1150 1151 1.300000 3 0.710000
1151 1152 1.300000 3 0.710000
1152 1153 1.380000 7 0.730000
1153 1154 1.300000 3 0.710000
1154 1155 1.300000 3 0.710000
1155 1156 1.240000 2 0.670000
1156 1157 1.110000 3 0.610000
1157 1158 1.270000 5 0.880000
1158 1159 1.300000 3 0.710000
1159 1160 1.300000 3 0.710000
1160 1161 1.300000 3 0.710000
1161 1162 1.300000 3 0.710000
1162 1163 1.240000 2 0.670000
1163 1164 1.270000 5 0.880000
1164 1165 1.110000 3 0.610000
1165 1166 1.380000 7 0.730000
1166 1167 1.300000 3 0.710000
1167 1168 1.380000 7 0.750000
1168 1169 1.240000 2 0.670000
1169 1170 1.380000 7 0.730000
1170 1171 1.340000 2 0.770000
1171 1172 1.380000 7 0.730000
1172 1173 1.300000 3 0.710000
1173 1174 1.380000 5 0.600000
1174 1175 1.110000 7 0.650000
1175 1176 1.380000 7 0.730000
1176 1177 1.160000 4 0.750000
1177 1178 1.230000 2 0.880000
1178 1179 1.200000 2 0.830000
1179 1180 1.190000 2 0.650000
1180 1181 1.340000 2 0.610000
1181 1182 1.140000 7 0.670000
1182 1183 1.120000 8 0.600000
1183 1184 1.200000 2 0.830000
1184 1185 1.100000 7 0.660000
1185 1186 1.140000 7 0.670000
1186 1187 1.330000 8 0.860000
1187 1188 1.150000 6 0.690000
1188 1189 1.150000 6 0.690000
1189 1190 1.140000 7 0.670000
1190 1191 1.140000 7 0.670000
1191 1192 1.140000 7 0.670000
1192 1193 1.340000 2 0.610000
1193 1194 1.340000 2 0.610000
1194 1195 1.340000 2 0.610000
1195 1196 1.150000 6 0.690000
1196 1197 1.150000 6 0.690000
1197 1198 1.270000 2 0.850000
1198 1199 1.140000 7 0.670000
1199 1200 1.200000 2 0.830000
1200 1201 1.190000 2 0.650000
1201 1202 1.130000 6 0.650000
1202 1203 1.100000 6 0.630000
1203 1204 1.100000 7 0.660000
1204 1205 1.350000 2 0.610000
1205 1206 1.120000 8 0.850000
1206 1207 1.350000 2 0.610000
1207 1208 1.140000 7 0.670000
1208 1209 1.350000 2 0.610000
1209 1210 1.140000 7 0.670000
1210 1211 1.190000 5 0.650000
1211 1212 1.190000 5 0.650000
1212 1213 1.190000 5 0.650000
1213 1214 1.300000 6 0.820000
1214 1215 1.300000 6 0.820000
1215 1216 1.110000 4 0.710000
1216 1217 1.300000 6 0.820000
1217 1218 1.250000 2 0.820000
1218 1219 1.100000 7 0.660000
1219 1220 1.110000 7 0.650000
1220 1221 1.110000 7 0.650000
1221 1222 1.380000 7 0.730000
1222 1223 1.300000 3 0.710000
1223 1224 1.380000 7 0.730000
1224 1225 1.300000 3 0.710000
1225 1226 1.110000 5 0.610000
1226 1227 1.130000 5 0.860000
1227 1228 1.270000 5 0.880000
1228 1229 1.270000 5 0.880000
1229 1230 1.260000 4 0.710000
1230 1231 1.320000 5 0.870000
1231 1232 1.330000 8 0.860000
1232 1233 1.330000 8 0.860000
1233 1234 1.380000 7 0.730000
1234 1235 1.260000 4 0.710000
1235 1236 1.140000 7 0.830000
1236 1237 1.390000 5 0.790000
1237 1238 1.390000 5 0.790000
1238 1239 1.390000 5 0.790000
1239 1240 1.150000 6 0.690000
1240 1241 1.180000 2 0.800000
1241 1242 1.300000 3 0.710000
1242 1243 1.300000 3 0.710000
1243 1244 1.300000 3 0.710000
1244 1245 1.300000 3 0.710000
1245 1246 1.300000 3 0.710000
1246 1247 1.380000 7 0.730000
1247 1248 1.110000 7 0.650000
1248 1249 1.330000 8 0.860000
1249 1250 1.110000 7 0.650000
1250 1251 1.390000 7 0.760000
1251 1252 1.170000 4 0.870000
1252 1253 1.290000 2 0.760000
1253 1254 1.190000 2 0.650000
1254 1255 1.380000 7 0.730000
1255 1256 1.300000 3 0.710000
1256 1257 1.300000 3 0.710000
1257 1258 1.300000 3 0.710000
1258 1259 1.300000 3 0.710000
1259 1260 1.380000 7 0.730000
1260 1261 1.380000 7 0.750000
1261 1262 1.300000 3 0.710000
1262 1263 1.300000 3 0.710000
1263 1264 1.380000 7 0.730000
1264 1265 1.270000 5 0.880000
1265 1266 1.300000 3 0.710000
1266 1267 1.300000 3 0.710000
1267 1268 1.110000 7 0.650000
1268 1269 1.380000 7 0.730000
1269 1270 1.300000 3 0.710000
1270 1271 1.300000 3 0.710000
1271 1272 1.300000 3 0.710000
1272 1273 1.300000 3 0.710000
1273 1274 1.270000 5 0.880000
1274 1275 1.110000 3 0.610000
1275 1276 1.240000 2 0.670000
1276 1277 1.330000 8 0.860000
1277 1278 1.330000 8 0.860000
1278 1279 1.270000 5 0.880000
1279 1280 1.300000 3 0.710000
1280 1281 1.300000 3 0.710000
1281 1282 1.300000 3 0.710000
1282 1283 1.300000 3 0.710000
1283 1284 1.320000 6 0.750000
1284 1285 1.380000 7 0.730000
1285 1286 1.300000 3 0.710000
1286 1287 1.340000 2 0.770000
1287 1288 1.380000 7 0.730000
1288 1289 1.300000 3 0.710000
1289 1290 1.140000 7 0.830000
1290 1291 1.380000 7 0.730000
1291 1292 1.110000 7 0.650000
1292 1293 1.110000 7 0.650000
1293 1294 1.200000 2 0.830000
1294 1295 1.120000 8 0.600000
1295 1296 1.380000 7 0.730000
1296 1297 1.140000 7 0.830000
1297 1298 1.150000 6 0.690000
1298 1299 1.150000 6 0.690000
1299 1300 1.380000 7 0.730000
1300 1301 1.300000 3 0.710000
1301 1302 1.300000 3 0.710000
1302 1303 1.380000 7 0.730000
1303 1304 1.110000 7 0.650000
1304 1305 1.240000 2 0.670000
1305 1306 1.110000 7 0.650000
1306 1307 1.330000 8 0.860000
1307 1308 1.330000 8 0.860000
1308 1309 1.390000 5 0.790000
1309 1310 1.290000 2 0.760000
1310 1311 1.170000 4 0.870000
1311 1312 1.380000 7 0.730000
1312 1313 1.330000 8 0.860000
1313 1314 1.110000 7 0.650000
1314 1315 1.380000 7 0.730000
1315 1316 1.380000 7 0.730000
1316 1317 1.160000 8 0.720000
1317 1318 1.300000 3 0.710000
1318 1319 1.300000 3 0.710000
1319 1320 1.300000 3 0.710000
1320 1321 1.300000 3 0.710000
1321 1322 1.110000 7 0.650000
1322 1323 1.300000 3 0.710000
1323 1324 1.270000 5 0.880000
1324 1325 1.300000 3 0.710000
1325 1326 1.300000 3 0.710000
1326 1327 1.300000 3 0.710000
1327 1328 1.240000 2 0.670000
1328 1329 1.300000 3 0.710000
1329 1330 1.240000 2 0.670000
1330 1331 1.300000 3 0.710000
1331 1332 1.390000 7 0.760000
1332 1333 1.120000 7 0.650000
1333 1334 1.390000 7 0.760000
1334 1335 1.110000 7 0.650000
1335 1336 1.140000 7 0.830000
1336 1337 1.300000 3 0.710000
1337 1338 1.110000 7 0.650000
1338 1339 1.100000 7 0.660000
1339 1340 1.170000 4 0.870000
1340 1341 1.390000 7 0.760000
1341 1342 1.330000 8 0.860000
1342 1343 1.380000 7 0.730000
1343 1344 1.380000 7 0.730000
1344 1345 1.290000 2 0.760000
1345 1346 1.330000 8 0.860000
1346 1347 1.260000 4 0.710000
1347 1348 1.390000 7 0.760000
1348 1349 1.380000 7 0.730000
1349 1350 1.110000 7 0.650000
1350 1351 1.120000 7 0.650000
1351 1352 1.380000 7 0.730000
1352 1353 1.120000 7 0.650000
1353 1354 1.380000 7 0.730000
1354 1355 1.130000 5 0.860000
1355 1356 1.390000 7 0.760000
1356 1357 1.380000 7 0.730000
1357 1358 1.330000 8 0.860000
1358 1359 1.110000 7 0.650000
1359 1360 1.300000 3 0.710000
1360 1361 1.300000 3 0.710000
1361 1362 1.300000 3 0.710000
1362 1363 1.300000 3 0.710000
1363 1364 1.300000 3 0.710000
1364 1365 1.300000 3 0.710000
1365 1366 1.300000 3 0.710000
1366 1367 1.300000 3 0.710000
1367 1368 1.300000 3 0.710000
1368 1369 1.300000 3 0.710000
1369 1370 1.300000 3 0.710000
1370 1371 1.300000 3 0.710000
1371 1372 1.300000 3 0.710000
1372 1373 1.300000 3 0.710000
1373 1374 1.300000 3 0.710000
1374 1375 1.240000 2 0.670000
1375 1376 1.240000 2 0.670000
1376 1377 1.240000 2 0.670000
1377 1378 1.240000 2 0.670000
1378 1379 1.110000 7 0.650000
1379 1380 1.110000 7 0.650000
1380 1381 1.300000 3 0.710000
1381 1382 1.330000 8 0.860000
1382 1383 1.150000 6 0.690000
1383 1384 1.330000 8 0.860000
1384 1385 1.100000 7 0.660000
1385 1386 1.290000 2 0.760000
1386 1387 1.120000 8 0.600000
1387 1388 1.200000 2 0.830000
1388 1389 1.110000 7 0.650000
1389 1390 1.120000 8 0.600000
1390 1391 1.200000 2 0.830000
1391 1392 1.380000 7 0.730000
1392 1393 1.380000 7 0.730000
1393 1394 1.320000 5 0.870000
1394 1395 1.300000 3 0.710000
1395 1396 1.160000 7 0.680000
1396 1397 1.300000 3 0.710000
1397 1398 1.110000 7 0.650000
1398 1399 1.150000 6 0.700000
1399 1400 1.110000 7 0.650000
1400 1401 1.110000 7 0.650000
1401 1402 1.300000 3 0.710000
1402 1403 1.300000 3 0.710000
1403 1404 1.300000 3 0.710000
1404 1405 1.270000 5 0.880000
1405 1406 1.150000 6 0.700000
1406 1407 1.300000 3 0.710000
1407 1408 1.300000 3 0.710000
1408 1409 1.300000 3 0.710000
1409 1410 1.300000 3 0.710000
1410 1411 1.150000 6 0.700000
1411 1412 1.300000 3 0.710000
1412 1413 1.300000 3 0.710000
1413 1414 1.300000 3 0.710000
1414 1415 1.300000 3 0.710000
1415 1416 1.130000 5 0.860000
1416 1417 1.110000 7 0.650000
1417 1418 1.300000 3 0.710000
1418 1419 1.300000 3 0.710000
1419 1420 1.300000 3 0.710000
1420 1421 1.300000 3 0.710000
1421 1422 1.300000 3 0.710000
1422 1423 1.300000 3 0.710000
1423 1424 1.300000 3 0.710000
1424 1425 1.300000 3 0.710000
1425 1426 1.300000 3 0.710000
1426 1427 1.300000 3 0.710000
1427 1428 1.300000 3 0.710000
1428 1429 1.300000 3 0.710000
1429 1430 1.380000 7 0.730000
1430 1431 1.110000 7 0.650000
1431 1432 1.110000 7 0.650000
1432 1433 1.300000 3 0.710000
1433 1434 1.300000 3 0.710000
1434 1435 1.300000 3 0.710000
1435 1436 1.300000 3 0.710000
1436 1437 1.300000 3 0.710000
1437 1438 1.110000 7 0.650000
1438 1439 1.300000 3 0.710000
1439 1440 1.150000 6 0.690000
1440 1441 1.150000 6 0.690000
1441 1442 1.110000 7 0.650000
1442 1443 1.380000 7 0.730000
1443 1444 1.380000 7 0.730000
1444 1445 1.110000 3 0.610000
1445 1446 1.300000 3 0.710000
1446 1447 1.300000 3 0.710000
1447 1448 1.110000 7 0.650000
1448 1449 1.110000 7 0.650000
1449 1450 1.380000 7 0.730000
1450 1451 1.110000 7 0.650000
1451 1452 1.110000 7 0.650000
1452 1453 1.330000 8 0.860000
1453 1454 1.300000 8 0.660000
1454 1455 1.330000 8 0.860000
1455 1456 1.200000 2 0.830000
1456 1457 1.150000 6 0.690000
1457 1458 1.150000 4 0.820000
1458 1459 1.300000 3 0.710000
1459 1460 1.250000 3 0.790000
1460 1461 1.380000 7 0.730000
1461 1462 1.200000 2 0.830000
1462 1463 1.300000 3 0.710000
1463 1464 1.110000 7 0.650000
1464 1465 1.300000 3 0.710000
1465 1466 1.110000 7 0.650000
1466 1467 1.100000 7 0.660000
1467 1468 1.110000 7 0.650000
1468 1469 1.110000 7 0.650000
1469 1470 1.250000 3 0.790000
1470 1471 1.110000 7 0.650000
1471 1472 1.300000 3 0.710000
1472 1473 1.300000 3 0.710000
1473 1474 1.110000 7 0.650000
1474 1475 1.380000 5 0.730000
1475 1476 1.380000 5 0.730000
1476 1477 1.380000 5 0.730000
1477 1478 1.380000 5 0.730000
1478 1479 1.310000 7 0.630000
1479 1480 1.380000 5 0.730000
1480 1481 1.220000 8 0.730000
1481 1482 1.300000 3 0.710000
1482 1483 1.110000 7 0.650000
1483 1484 1.110000 7 0.650000
1484 1485 1.130000 5 0.860000
1485 1486 1.380000 5 0.730000
1486 1487 1.240000 2 0.670000
1487 1488 1.320000 6 0.890000
1488 1489 1.300000 3 0.710000
1489 1490 1.300000 3 0.710000
1490 1491 1.300000 3 0.710000
1491 1492 1.300000 3 0.710000
1492 1493 1.300000 3 0.710000
1493 1494 1.300000 3 0.710000
1494 1495 1.300000 3 0.710000
1495 1496 1.300000 3 0.710000
1496 1497 1.380000 7 0.730000
1497 1498 1.330000 8 0.860000
1498 1499 1.380000 7 0.730000
1499 1500 1.330000 8 0.860000
1500 1501 1.300000 3 0.710000
1501 1502 1.150000 6 0.690000
1502 1503 1.380000 7 0.730000
1503 1504 1.150000 6 0.690000
1504 1505 1.180000 3 0.650000
1505 1506 1.180000 3 0.650000
1506 1507 1.380000 7 0.730000
1507 1508 1.180000 3 0.650000
1508 1509 1.180000 3 0.650000
1509 1510 1.180000 3 0.650000
1510 1511 1.180000 3 0.650000
1511 1512 1.330000 8 0.860000
1512 1513 1.380000 7 0.730000
1513 1514 1.270000 5 0.880000
1514 1515 1.110000 3 0.610000
1515 1516 1.270000 5 0.880000
1516 1517 1.300000 3 0.710000
1517 1518 1.110000 7 0.650000
1518 1519 1.270000 5 0.880000
1519 1520 1.240000 2 0.670000
1520 1521 1.150000 6 0.690000
1521 1522 1.300000 3 0.710000
1522 1523 1.380000 7 0.750000
1523 1524 1.130000 5 0.860000
1524 1525 1.100000 2 0.630000
1525 1526 1.310000 7 0.630000
1526 1527 1.150000 6 0.690000
1527 1528 1.330000 8 0.860000
1528 1529 1.340000 2 0.770000
1529 1530 1.380000 7 0.750000
1530 1531 1.380000 7 0.730000
1531 1532 1.180000 3 0.630000
1532 1533 1.110000 7 0.650000
1533 1534 1.330000 8 0.860000
1534 1535 1.380000 7 0.730000
1535 1536 1.380000 7 0.730000
1536 1537 1.300000 3 0.710000
1537 1538 1.300000 3 0.710000
1538 1539 1.380000 7 0.730000
1539 1540 1.380000 7 0.730000
1540 1541 1.150000 4 0.820000
1541 1542 1.180000 3 0.650000
1542 1543 1.350000 2 0.610000
1543 1544 1.120000 7 0.650000
1544 1545 1.120000 4 0.780000
1545 1546 1.200000 2 0.830000
1546 1547 1.260000 2 0.770000
1547 1548 1.260000 2 0.770000
1548 1549 1.130000 6 0.650000
1549 1550 1.130000 6 0.650000
1550 1551 1.140000 5 0.840000
1551 1552 1.120000 8 0.850000
1552 1553 1.100000 8 0.870000
1553 1554 1.380000 7 0.730000
1554 1555 1.180000 3 0.740000
1555 1556 1.120000 7 0.650000
1556 1557 1.120000 8 0.850000
1557 1558 1.380000 7 0.750000
1558 1559 1.110000 7 0.650000
1559 1560 1.110000 7 0.650000
1560 1561 1.110000 7 0.650000
1561 1562 1.320000 5 0.870000
1562 1563 1.190000 6 0.680000
1563 1564 1.320000 5 0.870000
1564 1565 1.330000 6 0.660000
1565 1566 1.380000 7 0.730000
1566 1567 1.260000 4 0.710000
1567 1568 1.110000 7 0.650000
1568 1569 1.140000 7 0.670000
1569 1570 1.300000 7 0.810000
1570 1571 1.260000 4 0.710000
1571 1572 1.280000 8 0.600000
1572 1573 1.160000 8 0.820000
1573 1574 1.120000 4 0.780000
1574 1575 1.140000 7 0.670000
1575 1576 1.120000 8 0.850000
1576 1577 1.120000 4 0.780000
1577 1578 1.150000 6 0.690000
1578 1579 1.310000 7 0.630000
1579 1580 1.120000 4 0.780000
1580 1581 1.300000 6 0.820000
1581 1582 1.330000 8 0.860000
1582 1583 1.150000 6 0.690000
1583 1584 1.150000 6 0.690000
1584 1585 1.270000 2 0.850000
1585 1586 1.200000 2 0.830000
1586 1587 1.150000 4 0.820000
1587 1588 1.160000 4 0.750000
1588 1589 1.310000 7 0.630000
1589 1590 1.130000 3 0.750000
1590 1591 1.390000 7 0.760000
1591 1592 1.280000 8 0.600000
1592 1593 1.190000 2 0.650000
1593 1594 1.370000 6 0.610000
1594 1595 1.100000 6 0.630000
1595 1596 1.310000 7 0.630000
1596 1597 1.390000 7 0.760000
1597 1598 1.270000 2 0.850000
1598 1599 1.120000 4 0.780000
1599 1600 1.170000 4 0.870000
1600 1601 1.390000 7 0.760000
1601 1602 1.170000 4 0.870000
1602 1603 1.120000 8 0.600000
1603 1604 1.120000 8 0.600000
1604 1605 1.120000 8 0.600000
1605 1606 1.190000 2 0.650000
1606 1607 1.390000 5 0.790000
1607 1608 1.360000 8 0.790000
1608 1609 1.360000 8 0.790000
1609 1610 1.390000 7 0.760000
1610 1611 1.120000 8 0.600000
1611 1612 1.330000 8 0.860000
1612 1613 1.190000 2 0.650000
1613 1614 1.120000 8 0.600000
1614 1615 1.280000 8 0.600000
1615 1616 1.260000 2 0.650000
1616 1617 1.110000 6 0.690000
1617 1618 1.190000 2 0.650000
1618 1619 1.320000 8 0.600000
1619 1620 1.170000 3 0.670000
1620 1621 1.200000 6 0.760000
1621 1622 1.340000 4 0.770000
1622 1623 1.290000 6 0.820000
1623 1624 1.260000 7 0.680000
1624 1625 1.130000 8 0.800000
1625 1626 1.130000 8 0.800000
1626 1627 1.180000 2 0.600000
1627 1628 1.120000 8 0.600000
1628 1629 1.170000 3 0.670000
1629 1630 1.130000 8 0.800000
1630 1631 1.170000 4 0.870000
1631 1632 1.120000 8 0.600000
1632 1633 1.120000 7 0.650000
1633 1634 1.140000 6 0.680000
1634 1635 1.140000 6 0.680000
1635 1636 1.190000 2 0.650000
1636 1637 1.260000 4 0.710000
1637 1638 1.130000 8 0.800000
1638 1639 1.380000 5 0.730000
1639 1640 1.250000 7 0.800000
1640 1641 1.120000 8 0.600000
1641 1642 1.130000 8 0.800000
1642 1643 1.120000 8 0.600000
1643 1644 1.210000 8 0.860000
1644 1645 1.200000 2 0.830000
1645 1646 1.120000 8 0.600000
1646 1647 1.320000 8 0.600000
1647 1648 1.210000 6 0.620000
1648 1649 1.140000 7 0.670000
1649 1650 1.390000 7 0.670000
1650 1651 1.390000 7 0.760000
1651 1652 1.320000 2 0.840000
1652 1653 1.200000 6 0.760000
1653 1654 1.320000 8 0.600000
1654 1655 1.300000 5 0.740000
1655 1656 1.290000 2 0.870000
1656 1657 1.210000 3 0.800000
1657 1658 1.170000 6 0.610000
1658 1659 1.300000 3 0.870000
1659 1660 1.190000 5 0.650000
1660 1661 1.300000 6 0.820000
1661 1662 1.320000 2 0.840000
1662 1663 1.160000 8 0.820000
1663 1664 1.160000 8 0.820000
1664 1665 1.160000 8 0.820000
1665 1666 1.320000 8 0.600000
1666 1667 1.200000 2 0.830000
1667 1668 1.120000 4 0.780000
1668 1669 1.360000 8 0.790000
1669 1670 1.360000 8 0.790000
1670 1671 1.130000 8 0.800000
1671 1672 1.130000 8 0.800000
1672 1673 1.130000 8 0.800000
1673 1674 1.130000 8 0.800000
1674 1675 1.130000 8 0.800000
1675 1676 1.160000 8 0.820000
1676 1677 1.130000 8 0.800000
1677 1678 1.270000 5 0.670000
1678 1679 1.160000 8 0.820000
1679 1680 1.270000 5 0.670000
1680 1681 1.230000 3 0.640000
1681 1682 1.210000 3 0.800000
1682 1683 1.160000 8 0.820000
1683 1684 1.160000 8 0.820000
1684 1685 1.310000 7 0.630000
1685 1686 1.360000 8 0.790000
1686 1687 1.390000 5 0.790000
1687 1688 1.300000 8 0.660000
1688 1689 1.100000 7 0.660000
1689 1690 1.150000 6 0.690000
1690 1691 1.380000 5 0.730000
1691 1692 1.310000 5 0.890000
1692 1693 1.170000 4 0.870000
1693 1694 1.170000 4 0.870000
1694 1695 1.170000 4 0.870000
1695 1696 1.170000 4 0.870000
1696 1697 1.170000 3 0.670000
1697 1698 1.200000 6 0.760000
1698 1699 1.200000 6 0.760000
1699 1700 1.200000 6 0.760000
1700 1701 1.200000 6 0.760000
1701 1702 1.380000 5 0.730000
1702 1703 1.110000 7 0.650000
1703 1704 1.320000 8 0.600000
1704 1705 1.190000 5 0.650000
1705 1706 1.160000 8 0.820000
1706 1707 1.360000 8 0.790000
1707 1708 1.130000 8 0.800000
1708 1709 1.260000 3 0.630000
1709 1710 1.320000 7 0.700000
1710 1711 1.310000 7 0.630000
1711 1712 1.360000 8 0.790000
1712 1713 1.330000 8 0.630000
1713 1714 1.330000 8 0.630000
1714 1715 1.270000 2 0.850000
1715 1716 1.160000 8 0.820000
1716 1717 1.160000 8 0.820000
1717 1718 1.160000 8 0.820000
1718 1719 1.200000 6 0.760000
1719 1720 1.200000 6 0.760000
1720 1721 1.100000 7 0.660000
1721 1722 1.150000 6 0.690000
1722 1723 1.360000 8 0.790000
1723 1724 1.360000 8 0.790000
1724 1725 1.360000 8 0.790000
1725 1726 1.360000 8 0.790000
1726 1727 1.120000 8 0.600000
1727 1728 1.130000 8 0.800000
1728 1729 1.130000 8 0.800000
1729 1730 1.130000 8 0.800000
1730 1731 1.320000 2 0.840000
1731 1732 1.320000 2 0.840000
1732 1733 1.200000 4 0.740000
1733 1734 1.120000 7 0.650000
1734 1735 1.200000 2 0.830000
1735 1736 1.260000 7 0.680000
1736 1737 1.320000 8 0.600000
1737 1738 1.140000 7 0.670000
1738 1739 1.300000 6 0.820000
1739 1740 1.190000 8 0.740000
1740 1741 1.300000 6 0.820000
1741 1742 1.200000 2 0.830000
1742 1743 1.390000 7 0.760000
1743 1744 1.390000 5 0.790000
1744 1745 1.210000 8 0.800000
1745 1746 1.120000 6 0.860000
1746 1747 1.190000 8 0.740000
1747 1748 1.190000 8 0.740000
1748 1749 1.320000 8 0.600000
1749 1750 1.120000 4 0.780000
1750 1751 1.390000 7 0.760000
1751 1752 1.110000 7 0.650000
1752 1753 1.110000 7 0.650000
1753 1754 1.200000 2 0.830000
1754 1755 1.320000 8 0.600000
1755 1756 1.100000 7 0.660000
1756 1757 1.110000 7 0.650000
1757 1758 1.360000 8 0.790000
1758 1759 1.120000 2 0.720000
1759 1760 1.260000 2 0.710000
1760 1761 1.360000 8 0.790000
1761 1762 1.120000 8 0.600000
1762 1763 1.120000 8 0.600000
1763 1764 1.240000 7 0.650000
1764 1765 1.360000 8 0.790000
1765 1766 1.190000 2 0.650000
1766 1767 1.120000 8 0.600000
1767 1768 1.360000 8 0.790000
1768 1769 1.360000 8 0.790000
1769 1770 1.260000 4 0.710000
1770 1771 1.170000 4 0.870000
1771 1772 1.170000 4 0.870000
1772 1773 1.110000 7 0.650000
1773 1774 1.330000 8 0.860000
1774 1775 1.380000 5 0.730000
1775 1776 1.150000 6 0.690000
1776 1777 1.360000 8 0.790000
1777 1778 1.140000 6 0.650000
1778 1779 1.320000 8 0.600000
1779 1780 1.160000 8 0.820000
1780 1781 1.160000 8 0.820000
1781 1782 1.190000 8 0.740000
1782 1783 1.190000 8 0.740000
1783 1784 1.200000 2 0.830000
1784 1785 1.300000 6 0.820000
1785 1786 1.300000 6 0.820000
1786 1787 1.300000 6 0.820000
1787 1788 1.130000 6 0.650000
1788 1789 1.120000 6 0.860000
1789 1790 1.120000 7 0.650000
1790 1791 1.330000 8 0.860000
1791 1792 1.110000 7 0.650000
1792 1793 1.100000 7 0.660000
1793 1794 1.300000 6 0.820000
1794 1795 1.390000 7 0.760000
1795 1796 1.300000 6 0.820000
1796 1797 1.150000 6 0.690000
1797 1798 1.380000 5 0.730000
1798 1799 1.130000 8 0.800000
1799 1800 1.130000 8 0.800000
1800 1801 1.130000 8 0.670000
1801 1802 1.310000 7 0.630000
1802 1803 1.370000 2 0.630000
1803 1804 1.140000 6 0.680000
1804 1805 1.360000 8 0.790000
1805 1806 1.360000 8 0.790000
1806 1807 1.320000 8 0.600000
1807 1808 1.170000 4 0.870000
1808 1809 1.320000 8 0.600000
1809 1810 1.190000 5 0.650000
1810 1811 1.110000 4 0.710000
1811 1812 1.200000 2 0.830000
1812 1813 1.110000 7 0.650000
1813 1814 1.320000 5 0.870000
1814 1815 1.390000 7 0.760000
1815 1816 1.200000 2 0.830000
1816 1817 1.200000 2 0.830000
1817 1818 1.390000 5 0.790000
1818 1819 1.160000 8 0.820000
1819 1820 1.320000 8 0.600000
1820 1821 1.160000 8 0.820000
1821 1822 1.360000 8 0.790000
1822 1823 1.170000 3 0.670000
1823 1824 1.160000 8 0.820000
1824 1825 1.160000 8 0.820000
1825 1826 1.160000 8 0.820000
1826 1827 1.160000 8 0.820000
1827 1828 1.160000 8 0.820000
1828 1829 1.160000 8 0.820000
1829 1830 1.200000 2 0.830000
1830 1831 1.220000 2 0.850000
1831 1832 1.130000 8 0.800000
1832 1833 1.310000 7 0.630000
1833 1834 1.170000 4 0.870000
1834 1835 1.170000 4 0.870000
1835 1836 1.360000 8 0.790000
1836 1837 1.170000 4 0.870000
1837 1838 1.340000 2 0.610000
1838 1839 1.320000 6 0.750000
1839 1840 1.140000 7 0.670000
1840 1841 1.270000 2 0.850000
1841 1842 1.110000 5 0.630000
1842 1843 1.270000 2 0.850000
1843 1844 1.390000 7 0.760000
1844 1845 1.110000 7 0.650000
1845 1846 1.320000 8 0.600000
1846 1847 1.320000 8 0.650000
1847 1848 1.160000 8 0.820000
1848 1849 1.160000 8 0.820000
1849 1850 1.200000 4 0.740000
1850 1851 1.100000 7 0.660000
1851 1852 1.210000 3 0.800000
1852 1853 1.170000 4 0.870000
1853 1854 1.140000 7 0.670000
1854 1855 1.140000 7 0.670000
1855 1856 1.200000 6 0.760000
1856 1857 1.270000 5 0.670000
1857 1858 1.320000 8 0.650000
1858 1859 1.190000 2 0.650000
1859 1860 1.380000 5 0.730000
1860 1861 1.170000 4 0.870000
1861 1862 1.130000 3 0.740000
1862 1863 1.180000 4 0.850000
1863 1864 1.260000 7 0.680000
1864 1865 1.310000 7 0.630000
1865 1866 1.280000 8 0.600000
1866 1867 1.380000 5 0.730000
1867 1868 1.170000 4 0.870000
1868 1869 1.200000 2 0.830000
1869 1870 1.170000 4 0.870000
1870 1871 1.110000 7 0.650000
1871 1872 1.120000 8 0.850000
1872 1873 1.220000 5 0.610000
1873 1874 1.140000 7 0.670000
1874 1875 1.140000 7 0.670000
1875 1876 1.320000 6 0.750000
1876 1877 1.380000 5 0.780000
1877 1878 1.340000 2 0.610000
1878 1879 1.320000 6 0.750000
1879 1880 1.140000 7 0.670000
1880 1881 1.100000 7 0.660000
1881 1882 1.340000 2 0.700000
1882 1883 1.100000 7 0.660000
1883 1884 1.170000 6 0.610000
1884 1885 1.320000 8 0.600000
1885 1886 1.340000 2 0.610000
1886 1887 1.160000 8 0.820000
1887 1888 1.320000 8 0.600000
1888 1889 1.390000 3 0.790000
1889 1890 1.270000 5 0.670000
1890 1891 1.170000 4 0.870000
1891 1892 1.360000 8 0.790000
1892 1893 1.170000 3 0.670000
1893 1894 1.160000 8 0.820000
1894 1895 1.160000 8 0.820000
1895 1896 1.160000 8 0.820000
1896 1897 1.380000 5 0.730000
1897 1898 1.290000 4 0.600000
1898 1899 1.260000 4 0.710000
1899 1900 1.190000 7 0.650000
1900 1901 1.390000 7 0.760000
1901 1902 1.330000 8 0.860000
1902 1903 1.120000 8 0.600000
1903 1904 1.170000 4 0.870000
1904 1905 1.300000 7 0.710000
1905 1906 1.140000 6 0.870000
1906 1907 1.380000 7 0.730000
1907 1908 1.380000 7 0.730000
1908 1909 1.100000 7 0.660000
1909 1910 1.120000 7 0.650000
1910 1911 1.110000 7 0.650000
1911 1912 1.110000 7 0.650000
1912 1913 1.340000 2 0.700000
1913 1914 1.340000 2 0.610000
1914 1915 1.170000 3 0.670000
1915 1916 1.100000 7 0.660000
1916 1917 1.150000 6 0.690000
1917 1918 1.360000 8 0.790000
1918 1919 1.360000 8 0.790000
1919 1920 1.360000 8 0.790000
1920 1921 1.280000 8 0.600000
1921 1922 1.170000 4 0.870000
1922 1923 1.120000 8 0.600000
1923 1924 1.120000 8 0.600000
1924 1925 1.200000 2 0.830000
1925 1926 1.320000 8 0.650000
1926 1927 1.290000 8 0.720000
1927 1928 1.290000 8 0.720000
1928 1929 1.160000 8 0.820000
1929 1930 1.320000 8 0.600000
1930 1931 1.160000 8 0.820000
1931 1932 1.200000 4 0.740000
1932 1933 1.170000 4 0.870000
1933 1934 1.300000 7 0.810000
1934 1935 1.160000 8 0.820000
1935 1936 1.190000 2 0.870000
1936 1937 1.160000 8 0.820000
1937 1938 1.360000 8 0.790000
1938 1939 1.130000 8 0.800000
1939 1940 1.130000 8 0.800000
1940 1941 1.200000 4 0.740000
1941 1942 1.200000 4 0.740000
1942 1943 1.130000 8 0.800000
1943 1944 1.340000 2 0.610000
1944 1945 1.120000 8 0.600000
1945 1946 1.330000 8 0.860000
1946 1947 1.120000 8 0.600000
1947 1948 1.120000 8 0.600000
1948 1949 1.120000 7 0.650000
1949 1950 1.390000 7 0.760000
1950 1951 1.120000 7 0.650000
1951 1952 1.260000 4 0.710000
1952 1953 1.120000 7 0.650000
1953 1954 1.110000 7 0.650000
1954 1955 1.380000 7 0.880000
1955 1956 1.370000 8 0.700000
1956 1957 1.370000 8 0.700000
1957 1958 1.110000 7 0.650000
1958 1959 1.360000 8 0.790000
1959 1960 1.120000 8 0.600000
1960 1961 1.120000 8 0.600000
1961 1962 1.360000 8 0.790000
1962 1963 1.360000 8 0.790000
1963 1964 1.300000 8 0.660000
1964 1965 1.380000 7 0.730000
1965 1966 1.380000 7 0.730000
1966 1967 1.270000 5 0.880000
1967 1968 1.380000 7 0.730000
1968 1969 1.110000 5 0.610000
1969 1970 1.280000 7 0.830000
1970 1971 1.380000 7 0.730000
1971 1972 1.260000 4 0.730000
1972 1973 1.330000 8 0.860000
1973 1974 1.360000 8 0.790000
1974 1975 1.170000 4 0.870000
1975 1976 1.170000 4 0.870000
1976 1977 1.320000 5 0.870000
1977 1978 1.320000 5 0.870000
1978 1979 1.320000 5 0.870000
1979 1980 1.320000 5 0.870000
1980 1981 1.280000 8 0.600000
1981 1982 1.120000 8 0.600000
1982 1983 1.130000 8 0.800000
1983 1984 1.100000 7 0.660000
1984 1985 1.360000 8 0.790000
1985 1986 1.290000 4 0.600000
1986 1987 1.310000 7 0.630000
1987 1988 1.140000 4 0.710000
1988 1989 1.130000 8 0.800000
1989 1990 1.320000 8 0.600000
1990 1991 1.320000 8 0.600000
1991 1992 1.160000 8 0.820000
1992 1993 1.320000 8 0.600000
1993 1994 1.170000 3 0.670000
1994 1995 1.290000 3 0.750000
1995 1996 1.320000 8 0.600000
1996 1997 1.190000 5 0.650000
1997 1998 1.130000 5 0.650000
1998 1999 1.320000 8 0.600000
1999 2000 1.320000 8 0.600000
2000 2001 1.320000 8 0.600000
2001 2002 1.380000 5 0.730000
2002 2003 1.330000 8 0.860000
2003 2004 1.100000 7 0.660000
2004 2005 1.260000 7 0.680000
2005 2006 1.200000 2 0.830000
2006 2007 1.320000 8 0.600000
2007 2008 1.360000 8 0.790000
2008 2009 1.160000 8 0.820000
2009 2010 1.370000 2 0.860000
2010 2011 1.160000 8 0.820000
2011 2012 1.160000 8 0.820000
2012 2013 1.160000 8 0.820000
2013 2014 1.160000 8 0.820000
2014 2015 1.160000 8 0.820000
2015 2016 1.160000 8 0.820000
2016 2017 1.160000 8 0.820000
2017 2018 1.160000 8 0.820000
2018 2019 1.160000 8 0.820000
2019 2020 1.160000 8 0.820000
2020 2021 1.200000 4 0.740000
2021 2022 1.360000 8 0.790000
2022 2023 1.360000 8 0.790000
2023 2024 1.160000 8 0.820000
2024 2025 1.160000 8 0.820000
2025 2026 1.160000 8 0.820000
2026 2027 1.160000 8 0.820000
2027 2028 1.160000 8 0.820000
2028 2029 1.160000 8 0.820000
2029 2030 1.160000 8 0.820000
2030 2031 1.100000 7 0.660000
2031 2032 1.160000 8 0.820000
2032 2033 1.140000 7 0.670000
2033 2034 1.100000 7 0.660000
2034 2035 1.390000 5 0.790000
2035 2036 1.270000 7 0.880000
2036 2037 1.320000 8 0.650000
2037 2038 1.320000 8 0.650000
2038 2039 1.150000 6 0.690000
2039 2040 1.200000 3 0.850000
2040 2041 1.320000 8 0.650000
2041 2042 1.320000 8 0.650000
2042 2043 1.100000 7 0.660000
2043 2044 1.320000 8 0.650000
2044 2045 1.150000 8 0.680000
2045 2046 1.300000 6 0.820000
2046 2047 1.320000 2 0.840000
2047 2048 1.100000 7 0.660000
2048 2049 1.100000 7 0.660000
2049 2050 1.200000 6 0.760000
2050 2051 1.200000 2 0.830000
2051 2052 1.130000 8 0.800000
2052 2053 1.200000 6 0.760000
2053 2054 1.300000 4 0.770000
2054 2055 1.260000 2 0.710000
2055 2056 1.300000 6 0.820000
2056 2057 1.320000 8 0.600000
2057 2058 1.160000 8 0.820000
2058 2059 1.300000 6 0.820000
2059 2060 1.140000 7 0.670000
2060 2061 1.300000 6 0.820000
2061 2062 1.140000 7 0.670000
2062 2063 1.300000 6 0.820000
2063 2064 1.140000 6 0.650000
2064 2065 1.320000 8 0.600000
2065 2066 1.170000 4 0.870000
2066 2067 1.150000 6 0.690000
2067 2068 1.310000 7 0.630000
2068 2069 1.110000 7 0.650000
2069 2070 1.110000 7 0.650000
2070 2071 1.390000 7 0.760000
2071 2072 1.120000 7 0.650000
2072 2073 1.100000 7 0.660000
2073 2074 1.190000 2 0.650000
2074 2075 1.270000 2 0.850000
2075 2076 1.110000 7 0.650000
2076 2077 1.120000 7 0.650000
2077 2078 1.100000 7 0.660000
2078 2079 1.310000 7 0.630000
2079 2080 1.120000 8 0.600000
2080 2081 1.190000 6 0.680000
2081 2082 1.330000 8 0.860000
2082 2083 1.360000 8 0.790000
2083 2084 1.270000 2 0.850000
2084 2085 1.330000 8 0.860000
2085 2086 1.360000 8 0.790000
2086 2087 1.200000 2 0.830000
2087 2088 1.120000 8 0.600000
2088 2089 1.170000 4 0.870000
2089 2090 1.330000 8 0.860000
2090 2091 1.360000 8 0.790000
2091 2092 1.310000 7 0.630000
2092 2093 1.330000 8 0.860000
2093 2094 1.310000 7 0.630000
2094 2095 1.120000 8 0.600000
2095 2096 1.310000 7 0.630000
2096 2097 1.120000 8 0.890000
2097 2098 1.200000 2 0.830000
2098 2099 1.360000 8 0.790000
2099 2100 1.330000 8 0.860000
2100 2101 1.360000 8 0.790000
2101 2102 1.360000 6 0.700000
2102 2103 1.200000 6 0.760000
2103 2104 1.200000 6 0.760000
2104 2105 1.300000 5 0.740000
2105 2106 1.300000 5 0.740000
2106 2107 1.100000 7 0.660000
2107 2108 1.100000 7 0.660000
2108 2109 1.320000 8 0.600000
2109 2110 1.320000 8 0.600000
2110 2111 1.320000 8 0.600000
2111 2112 1.120000 8 0.600000
2112 2113 1.120000 8 0.600000
2113 2114 1.200000 2 0.830000
2114 2115 1.110000 7 0.650000
2115 2116 1.360000 8 0.790000
2116 2117 1.120000 8 0.600000
2117 2118 1.190000 2 0.650000
2118 2119 1.200000 2 0.830000
2119 2120 1.150000 6 0.690000
2120 2121 1.340000 2 0.610000
2121 2122 1.200000 2 0.830000
2122 2123 1.340000 2 0.610000
2123 2124 1.300000 7 0.810000
2124 2125 1.160000 8 0.820000
2125 2126 1.140000 7 0.670000
2126 2127 1.190000 6 0.680000
2127 2128 1.100000 7 0.660000
2128 2129 1.160000 8 0.820000
2129 2130 1.160000 8 0.820000
2130 2131 1.320000 8 0.600000
2131 2132 1.320000 8 0.600000
2132 2133 1.360000 8 0.790000
2133 2134 1.390000 7 0.760000
2134 2135 1.170000 4 0.870000
2135 2136 1.320000 8 0.600000
2136 2137 1.210000 3 0.800000
2137 2138 1.200000 4 0.740000
2138 2139 1.100000 7 0.660000
2139 2140 1.170000 4 0.870000
2140 2141 1.120000 8 0.600000
2141 2142 1.270000 2 0.850000
2142 2143 1.170000 3 0.670000
2143 2144 1.360000 8 0.790000
2144 2145 1.130000 8 0.800000
2145 2146 1.130000 8 0.800000
2146 2147 1.390000 7 0.760000
2147 2148 1.380000 7 0.730000
2148 2149 1.360000 8 0.790000
2149 2150 1.230000 6 0.770000
2150 2151 1.340000 2 0.610000
2151 2152 1.340000 2 0.610000
2152 2153 1.120000 8 0.600000
2153 2154 1.320000 8 0.600000
2154 2155 1.320000 8 0.600000
2155 2156 1.320000 8 0.600000
2156 2157 1.140000 7 0.670000
2157 2158 1.160000 8 0.820000
2158 2159 1.320000 5 0.870000
2159 2160 1.340000 2 0.610000
2160 2161 1.120000 7 0.650000
2161 2162 1.120000 7 0.650000
2162 2163 1.350000 3 0.630000
2163 2164 1.340000 2 0.610000
2164 2165 1.380000 7 0.730000
2165 2166 1.110000 7 0.650000
2166 2167 1.120000 7 0.650000
2167 2168 1.390000 7 0.760000
2168 2169 1.130000 8 0.800000
2169 2170 1.140000 6 0.680000
2170 2171 1.260000 7 0.600000
2171 2172 1.380000 6 0.860000
2172 2173 1.350000 3 0.630000
2173 2174 1.120000 8 0.830000
2174 2175 1.120000 7 0.650000
2175 2176 1.120000 7 0.650000
2176 2177 1.390000 7 0.760000
2177 2178 1.260000 2 0.650000
2178 2179 1.110000 7 0.650000
2179 2180 1.130000 8 0.800000
2180 2181 1.120000 8 0.600000
2181 2182 1.390000 7 0.760000
2182 2183 1.390000 7 0.760000
2183 2184 1.110000 7 0.650000
2184 2185 1.390000 7 0.760000
2185 2186 1.390000 7 0.760000
2186 2187 1.130000 8 0.800000
2187 2188 1.130000 8 0.800000
2188 2189 1.280000 8 0.600000
2189 2190 1.280000 8 0.600000
2190 2191 1.170000 4 0.870000
2191 2192 1.390000 5 0.790000
2192 2193 1.190000 2 0.650000
2193 2194 1.120000 8 0.600000
2194 2195 1.100000 7 0.660000
2195 2196 1.120000 8 0.600000
2196 2197 1.280000 8 0.600000
2197 2198 1.260000 7 0.600000
2198 2199 1.130000 8 0.800000
2199 2200 1.330000 8 0.860000
2200 2201 1.170000 2 0.850000
2201 2202 1.120000 8 0.600000
2202 2203 1.100000 7 0.660000
2203 2204 1.320000 5 0.870000
2204 2205 1.390000 7 0.760000
2205 2206 1.260000 2 0.650000
2206 2207 1.360000 8 0.790000
2207 2208 1.120000 8 0.600000
2208 2209 1.120000 8 0.600000
2209 2210 1.100000 7 0.660000
2210 2211 1.380000 5 0.700000
2211 2212 1.300000 6 0.820000
2212 2213 1.300000 6 0.820000
2213 2214 1.110000 7 0.650000
2214 2215 1.300000 6 0.820000
2215 2216 1.120000 8 0.600000
2216 2217 1.360000 8 0.790000
2217 2218 1.260000 7 0.680000
2218 2219 1.120000 7 0.650000
