0 1 1.160000 3 0.780000
1 2 1.360000 8 0.720000
2 3 1.230000 3 0.780000
3 4 1.100000 7 0.860000
4 5 1.100000 7 0.860000
5 6 1.110000 5 0.710000
6 7 1.110000 5 0.710000
7 8 1.100000 7 0.860000
8 9 1.100000 6 0.890000
9 10 1.310000 3 0.830000
10 11 1.260000 2 0.780000
11 12 1.100000 7 0.860000
12 13 1.100000 7 0.860000
13 14 1.260000 2 0.780000
14 15 1.260000 2 0.780000
15 16 1.110000 8 0.680000
16 17 1.320000 6 0.780000
17 18 1.310000 3 0.830000
18 19 1.100000 7 0.860000
19 20 1.260000 2 0.780000
20 21 1.260000 2 0.780000
21 22 1.210000 7 0.810000
22 23 1.280000 5 0.830000
23 24 1.260000 2 0.780000
24 25 1.300000 7 0.810000
25 26 1.300000 7 0.810000
26 27 1.310000 3 0.830000
27 28 1.310000 3 0.830000
28 29 1.250000 8 0.690000
29 30 1.110000 5 0.710000
30 31 1.110000 5 0.710000
31 32 1.260000 2 0.780000
32 33 1.200000 7 0.610000
33 34 1.160000 2 0.790000
34 35 1.310000 3 0.830000
35 36 1.110000 5 0.710000
36 37 1.340000 7 0.820000
37 38 1.260000 2 0.780000
38 39 1.100000 6 0.890000
39 40 1.100000 7 0.860000
40 41 1.150000 5 0.670000
41 42 1.300000 7 0.810000
42 43 1.170000 6 0.790000
43 44 1.300000 7 0.810000
44 45 1.300000 7 0.810000
45 46 1.310000 3 0.830000
46 47 1.310000 3 0.830000
47 48 1.300000 7 0.810000
48 49 1.170000 6 0.790000
49 50 1.310000 3 0.830000
50 51 1.300000 7 0.810000
51 52 1.300000 7 0.810000
52 53 1.210000 7 0.810000
53 54 1.210000 7 0.810000
54 55 1.170000 6 0.790000
55 56 1.110000 5 0.710000
56 57 1.260000 2 0.780000
57 58 1.260000 2 0.780000
58 59 1.260000 2 0.780000
59 60 1.110000 5 0.710000
60 61 1.260000 2 0.780000
61 62 1.240000 2 0.770000
62 63 1.150000 5 0.670000
63 64 1.170000 6 0.790000
64 65 1.310000 3 0.830000
65 66 1.310000 3 0.830000
66 67 1.260000 2 0.780000
67 68 1.170000 6 0.790000
68 69 1.110000 5 0.710000
69 70 1.160000 2 0.790000
70 71 1.330000 3 0.660000
71 72 1.170000 6 0.850000
72 73 1.360000 6 0.810000
73 74 1.340000 4 0.720000
74 75 1.260000 2 0.780000
75 76 1.260000 2 0.780000
76 77 1.260000 2 0.780000
77 78 1.180000 4 0.610000
78 79 1.170000 6 0.850000
79 80 1.160000 2 0.790000
80 81 1.110000 5 0.710000
81 82 1.160000 2 0.790000
82 83 1.110000 5 0.710000
83 84 1.170000 6 0.850000
84 85 1.330000 3 0.660000
85 86 1.330000 3 0.660000
86 87 1.330000 3 0.660000
87 88 1.330000 3 0.660000
88 89 1.330000 3 0.660000
89 90 1.240000 2 0.770000
90 91 1.330000 3 0.660000
91 92 1.330000 3 0.660000
92 93 1.340000 4 0.720000
93 94 1.330000 3 0.660000
94 95 1.210000 7 0.810000
95 96 1.340000 4 0.720000
96 97 1.330000 3 0.660000
97 98 1.210000 7 0.810000
98 99 1.150000 5 0.670000
99 100 1.170000 6 0.850000
100 101 1.170000 6 0.790000
101 102 1.170000 6 0.790000
102 103 1.210000 7 0.810000
103 104 1.210000 7 0.810000
104 105 1.110000 5 0.710000
105 106 1.170000 6 0.790000
106 107 1.170000 6 0.790000
107 108 1.170000 6 0.790000
108 109 1.260000 2 0.780000
109 110 1.110000 2 0.710000
110 111 1.170000 6 0.790000
111 112 1.260000 2 0.780000
112 113 1.100000 7 0.860000
113 114 1.280000 5 0.830000
114 115 1.120000 7 0.620000
115 116 1.300000 7 0.810000
116 117 1.300000 7 0.810000
117 118 1.260000 2 0.780000
118 119 1.260000 2 0.780000
119 120 1.260000 2 0.780000
120 121 1.100000 7 0.860000
121 122 1.340000 4 0.720000
122 123 1.100000 7 0.860000
123 124 1.120000 7 0.620000
124 125 1.120000 7 0.620000
125 126 1.310000 5 0.800000
126 127 1.100000 7 0.860000
127 128 1.100000 7 0.860000
128 129 1.300000 2 0.880000
129 130 1.120000 3 0.650000
130 131 1.340000 4 0.720000
131 132 1.150000 2 0.650000
132 133 1.200000 4 0.710000
133 134 1.260000 2 0.780000
134 135 1.150000 2 0.650000
135 136 1.180000 4 0.610000
136 137 1.260000 2 0.780000
137 138 1.330000 3 0.660000
138 139 1.330000 3 0.660000
139 140 1.330000 3 0.660000
140 141 1.150000 2 0.650000
141 142 1.100000 7 0.860000
142 143 1.260000 2 0.780000
143 144 1.370000 2 0.600000
144 145 1.100000 7 0.860000
145 146 1.100000 7 0.860000
146 147 1.260000 2 0.780000
147 148 1.260000 2 0.780000
148 149 1.260000 2 0.780000
149 150 1.260000 2 0.780000
150 151 1.120000 7 0.620000
151 152 1.120000 7 0.620000
152 153 1.260000 2 0.780000
153 154 1.260000 2 0.780000
154 155 1.260000 2 0.780000
155 156 1.170000 5 0.660000
156 157 1.260000 2 0.780000
157 158 1.220000 7 0.880000
158 159 1.260000 2 0.780000
159 160 1.370000 2 0.600000
160 161 1.260000 2 0.780000
161 162 1.260000 2 0.780000
162 163 1.260000 2 0.780000
163 164 1.210000 7 0.810000
164 165 1.340000 4 0.720000
165 166 1.260000 2 0.780000
166 167 1.260000 2 0.780000
167 168 1.260000 2 0.780000
168 169 1.260000 2 0.780000
169 170 1.160000 2 0.790000
170 171 1.160000 2 0.790000
171 172 1.260000 2 0.780000
172 173 1.260000 2 0.780000
173 174 1.260000 2 0.780000
174 175 1.260000 2 0.780000
175 176 1.260000 2 0.780000
176 177 1.110000 8 0.620000
177 178 1.170000 6 0.850000
178 179 1.150000 4 0.630000
179 180 1.260000 2 0.780000
180 181 1.100000 7 0.860000
181 182 1.150000 4 0.630000
182 183 1.330000 3 0.660000
183 184 1.200000 4 0.830000
184 185 1.230000 5 0.720000
185 186 1.320000 6 0.780000
186 187 1.340000 4 0.720000
187 188 1.330000 3 0.660000
188 189 1.340000 4 0.720000
189 190 1.320000 6 0.780000
190 191 1.150000 4 0.630000
191 192 1.200000 4 0.830000
192 193 1.320000 6 0.780000
193 194 1.320000 6 0.780000
194 195 1.200000 4 0.830000
195 196 1.320000 6 0.780000
196 197 1.230000 5 0.730000
197 198 1.100000 7 0.860000
198 199 1.300000 7 0.810000
199 200 1.260000 2 0.780000
200 201 1.300000 7 0.810000
201 202 1.260000 2 0.780000
202 203 1.100000 7 0.860000
203 204 1.150000 4 0.630000
204 205 1.150000 4 0.630000
205 206 1.150000 4 0.630000
206 207 1.320000 6 0.780000
207 208 1.260000 2 0.780000
208 209 1.150000 4 0.630000
209 210 1.100000 7 0.860000
210 211 1.160000 2 0.790000
211 212 1.160000 2 0.790000
212 213 1.260000 2 0.780000
213 214 1.260000 2 0.780000
214 215 1.150000 2 0.650000
215 216 1.160000 2 0.790000
216 217 1.330000 3 0.660000
217 218 1.260000 2 0.780000
218 219 1.260000 2 0.780000
219 220 1.330000 3 0.660000
220 221 1.110000 5 0.710000
221 222 1.110000 2 0.710000
222 223 1.160000 2 0.790000
223 224 1.210000 7 0.810000
224 225 1.380000 5 0.710000
225 226 1.300000 7 0.810000
226 227 1.100000 6 0.890000
227 228 1.150000 5 0.670000
228 229 1.260000 2 0.780000
229 230 1.130000 7 0.850000
230 231 1.340000 4 0.720000
231 232 1.300000 7 0.810000
232 233 1.260000 2 0.780000
233 234 1.110000 5 0.710000
234 235 1.370000 2 0.600000
235 236 1.260000 2 0.780000
236 237 1.260000 2 0.780000
237 238 1.340000 4 0.720000
238 239 1.100000 7 0.860000
239 240 1.260000 2 0.780000
240 241 1.220000 7 0.880000
241 242 1.220000 7 0.880000
242 243 1.150000 2 0.650000
243 244 1.370000 2 0.600000
244 245 1.100000 7 0.860000
245 246 1.100000 7 0.860000
246 247 1.180000 5 0.640000
247 248 1.330000 3 0.660000
248 249 1.150000 2 0.650000
249 250 1.370000 2 0.600000
250 251 1.180000 5 0.640000
251 252 1.330000 3 0.660000
252 253 1.200000 6 0.610000
253 254 1.100000 7 0.860000
254 255 1.150000 2 0.650000
255 256 1.150000 2 0.650000
256 257 1.340000 4 0.720000
257 258 1.340000 4 0.720000
258 259 1.340000 4 0.720000
259 260 1.340000 4 0.720000
260 261 1.330000 3 0.660000
261 262 1.160000 2 0.790000
262 263 1.160000 2 0.790000
263 264 1.330000 3 0.660000
264 265 1.170000 6 0.790000
265 266 1.210000 7 0.810000
266 267 1.130000 7 0.850000
267 268 1.300000 7 0.810000
268 269 1.380000 5 0.620000
269 270 1.300000 7 0.810000
270 271 1.260000 2 0.780000
271 272 1.260000 2 0.780000
272 273 1.330000 3 0.660000
273 274 1.330000 3 0.660000
274 275 1.170000 6 0.790000
275 276 1.330000 3 0.660000
276 277 1.270000 8 0.790000
277 278 1.260000 2 0.780000
278 279 1.260000 2 0.780000
279 280 1.150000 4 0.630000
280 281 1.340000 4 0.720000
281 282 1.340000 4 0.720000
282 283 1.340000 4 0.720000
283 284 1.330000 3 0.660000
284 285 1.340000 4 0.720000
285 286 1.340000 4 0.720000
286 287 1.110000 5 0.710000
287 288 1.190000 3 0.640000
288 289 1.150000 2 0.650000
289 290 1.200000 4 0.830000
290 291 1.260000 2 0.780000
291 292 1.330000 3 0.660000
292 293 1.220000 7 0.880000
293 294 1.260000 2 0.780000
294 295 1.110000 5 0.710000
295 296 1.230000 4 0.760000
296 297 1.170000 5 0.660000
297 298 1.340000 7 0.820000
298 299 1.340000 7 0.820000
299 300 1.110000 5 0.710000
300 301 1.110000 5 0.710000
301 302 1.260000 2 0.780000
302 303 1.240000 8 0.850000
303 304 1.200000 7 0.610000
304 305 1.100000 7 0.860000
305 306 1.390000 7 0.690000
306 307 1.100000 7 0.860000
307 308 1.210000 7 0.810000
308 309 1.220000 7 0.880000
309 310 1.220000 7 0.880000
310 311 1.260000 2 0.780000
311 312 1.100000 7 0.860000
312 313 1.170000 6 0.850000
313 314 1.370000 2 0.600000
314 315 1.260000 2 0.780000
315 316 1.170000 5 0.660000
316 317 1.180000 5 0.640000
317 318 1.150000 2 0.650000
318 319 1.180000 5 0.640000
319 320 1.260000 3 0.790000
320 321 1.330000 3 0.660000
321 322 1.220000 6 0.850000
322 323 1.390000 3 0.670000
323 324 1.330000 3 0.660000
324 325 1.330000 3 0.660000
325 326 1.170000 5 0.660000
326 327 1.150000 2 0.650000
327 328 1.330000 3 0.660000
328 329 1.100000 7 0.860000
329 330 1.160000 2 0.790000
330 331 1.260000 2 0.780000
331 332 1.310000 8 0.620000
332 333 1.160000 2 0.790000
333 334 1.110000 5 0.710000
334 335 1.260000 2 0.780000
335 336 1.150000 2 0.650000
336 337 1.320000 6 0.780000
337 338 1.150000 4 0.630000
338 339 1.150000 4 0.630000
339 340 1.320000 6 0.780000
340 341 1.320000 6 0.780000
341 342 1.150000 2 0.650000
342 343 1.150000 2 0.650000
343 344 1.210000 7 0.810000
344 345 1.170000 6 0.790000
345 346 1.120000 7 0.620000
346 347 1.260000 2 0.780000
347 348 1.260000 2 0.780000
348 349 1.330000 3 0.660000
349 350 1.170000 6 0.850000
350 351 1.340000 4 0.720000
351 352 1.160000 2 0.790000
352 353 1.330000 3 0.660000
353 354 1.160000 2 0.790000
354 355 1.340000 4 0.720000
355 356 1.340000 4 0.720000
356 357 1.160000 2 0.790000
357 358 1.170000 6 0.740000
358 359 1.330000 3 0.660000
359 360 1.330000 3 0.660000
360 361 1.110000 8 0.620000
361 362 1.260000 2 0.780000
362 363 1.320000 6 0.780000
363 364 1.260000 2 0.780000
364 365 1.260000 2 0.780000
365 366 1.260000 2 0.780000
366 367 1.340000 4 0.720000
367 368 1.260000 2 0.780000
368 369 1.260000 2 0.780000
369 370 1.260000 2 0.780000
370 371 1.260000 2 0.780000
371 372 1.260000 2 0.780000
372 373 1.260000 2 0.780000
373 374 1.150000 2 0.650000
374 375 1.150000 2 0.650000
375 376 1.150000 2 0.650000
376 377 1.260000 2 0.780000
377 378 1.340000 7 0.850000
378 379 1.150000 2 0.650000
379 380 1.330000 3 0.660000
380 381 1.330000 3 0.660000
381 382 1.270000 8 0.790000
382 383 1.330000 3 0.660000
383 384 1.360000 8 0.720000
384 385 1.340000 4 0.720000
385 386 1.330000 3 0.660000
386 387 1.330000 3 0.660000
387 388 1.170000 5 0.660000
388 389 1.260000 2 0.780000
389 390 1.170000 6 0.850000
390 391 1.260000 2 0.780000
391 392 1.260000 2 0.780000
392 393 1.110000 5 0.710000
393 394 1.100000 7 0.860000
394 395 1.160000 2 0.790000
395 396 1.310000 8 0.620000
396 397 1.100000 7 0.860000
397 398 1.100000 7 0.860000
398 399 1.100000 7 0.860000
399 400 1.110000 8 0.680000
400 401 1.100000 7 0.860000
401 402 1.150000 2 0.650000
402 403 1.330000 3 0.660000
403 404 1.100000 7 0.860000
404 405 1.160000 2 0.790000
405 406 1.260000 2 0.780000
406 407 1.100000 7 0.860000
407 408 1.160000 2 0.790000
408 409 1.260000 2 0.780000
409 410 1.160000 2 0.790000
410 411 1.100000 6 0.890000
411 412 1.170000 6 0.790000
412 413 1.260000 2 0.780000
413 414 1.300000 7 0.810000
414 415 1.260000 2 0.780000
415 416 1.300000 7 0.810000
416 417 1.300000 7 0.810000
417 418 1.210000 7 0.810000
418 419 1.300000 7 0.810000
419 420 1.300000 7 0.810000
420 421 1.100000 7 0.860000
421 422 1.330000 3 0.660000
422 423 1.260000 2 0.780000
423 424 1.300000 2 0.880000
424 425 1.340000 4 0.720000
425 426 1.100000 7 0.860000
426 427 1.170000 6 0.790000
427 428 1.260000 2 0.780000
428 429 1.100000 7 0.860000
429 430 1.100000 7 0.860000
430 431 1.100000 7 0.860000
431 432 1.100000 7 0.860000
432 433 1.110000 5 0.710000
433 434 1.260000 2 0.780000
434 435 1.310000 2 0.780000
435 436 1.170000 6 0.850000
436 437 1.180000 4 0.610000
437 438 1.160000 2 0.790000
438 439 1.260000 2 0.780000
439 440 1.260000 2 0.780000
440 441 1.210000 7 0.810000
441 442 1.340000 4 0.720000
442 443 1.100000 6 0.890000
443 444 1.130000 7 0.850000
444 445 1.300000 7 0.810000
445 446 1.300000 7 0.810000
446 447 1.300000 7 0.810000
447 448 1.300000 7 0.810000
448 449 1.300000 7 0.810000
449 450 1.100000 7 0.860000
450 451 1.300000 7 0.810000
451 452 1.260000 2 0.780000
452 453 1.260000 2 0.780000
453 454 1.260000 2 0.780000
454 455 1.260000 2 0.780000
455 456 1.160000 2 0.790000
456 457 1.210000 7 0.810000
457 458 1.150000 2 0.650000
458 459 1.260000 2 0.780000
459 460 1.260000 2 0.780000
460 461 1.260000 2 0.780000
461 462 1.150000 2 0.650000
462 463 1.260000 2 0.780000
463 464 1.260000 2 0.780000
464 465 1.300000 7 0.810000
465 466 1.260000 2 0.780000
466 467 1.260000 2 0.780000
467 468 1.260000 2 0.780000
468 469 1.260000 2 0.780000
469 470 1.180000 4 0.610000
470 471 1.260000 2 0.780000
471 472 1.260000 2 0.780000
472 473 1.300000 7 0.810000
473 474 1.300000 7 0.810000
474 475 1.150000 5 0.670000
475 476 1.150000 5 0.670000
476 477 1.300000 7 0.810000
477 478 1.170000 6 0.790000
478 479 1.170000 6 0.850000
479 480 1.260000 2 0.780000
480 481 1.150000 2 0.650000
481 482 1.260000 2 0.780000
482 483 1.160000 2 0.790000
483 484 1.160000 2 0.790000
484 485 1.150000 2 0.650000
485 486 1.150000 2 0.650000
486 487 1.260000 2 0.780000
487 488 1.260000 2 0.780000
488 489 1.280000 5 0.830000
489 490 1.210000 7 0.810000
490 491 1.160000 2 0.790000
491 492 1.260000 2 0.780000
492 493 1.260000 2 0.780000
493 494 1.260000 2 0.780000
494 495 1.260000 2 0.780000
495 496 1.210000 7 0.810000
496 497 1.170000 6 0.790000
497 498 1.340000 4 0.720000
498 499 1.330000 3 0.660000
499 500 1.260000 2 0.780000
500 501 1.260000 2 0.780000
501 502 1.330000 3 0.660000
502 503 1.150000 2 0.650000
503 504 1.170000 6 0.850000
504 505 1.330000 3 0.660000
505 506 1.110000 5 0.710000
506 507 1.180000 4 0.610000
507 508 1.330000 3 0.660000
508 509 1.150000 2 0.650000
509 510 1.330000 3 0.660000
510 511 1.330000 3 0.660000
511 512 1.330000 3 0.660000
512 513 1.340000 4 0.720000
513 514 1.330000 3 0.660000
514 515 1.170000 6 0.740000
515 516 1.170000 6 0.850000
516 517 1.330000 3 0.660000
517 518 1.150000 2 0.650000
518 519 1.330000 3 0.660000
519 520 1.180000 4 0.610000
520 521 1.100000 7 0.860000
521 522 1.200000 4 0.830000
522 523 1.100000 7 0.860000
523 524 1.100000 7 0.860000
524 525 1.150000 2 0.650000
525 526 1.110000 5 0.710000
526 527 1.260000 2 0.780000
527 528 1.260000 2 0.780000
528 529 1.150000 2 0.650000
529 530 1.260000 2 0.780000
530 531 1.260000 2 0.780000
531 532 1.260000 2 0.780000
532 533 1.260000 2 0.780000
533 534 1.160000 2 0.790000
534 535 1.210000 7 0.810000
535 536 1.260000 6 0.890000
536 537 1.330000 3 0.660000
537 538 1.110000 5 0.710000
538 539 1.260000 2 0.780000
539 540 1.260000 2 0.780000
540 541 1.260000 2 0.780000
541 542 1.110000 5 0.710000
542 543 1.120000 7 0.620000
543 544 1.210000 7 0.810000
544 545 1.260000 2 0.780000
545 546 1.260000 2 0.780000
546 547 1.150000 2 0.650000
547 548 1.150000 2 0.650000
548 549 1.150000 2 0.650000
549 550 1.150000 2 0.650000
550 551 1.150000 2 0.650000
551 552 1.150000 2 0.650000
552 553 1.150000 2 0.650000
553 554 1.150000 2 0.650000
554 555 1.110000 5 0.710000
555 556 1.150000 2 0.650000
556 557 1.150000 2 0.650000
557 558 1.220000 7 0.880000
558 559 1.150000 2 0.650000
559 560 1.200000 6 0.760000
560 561 1.150000 2 0.650000
561 562 1.260000 2 0.780000
562 563 1.150000 2 0.650000
563 564 1.150000 2 0.650000
564 565 1.110000 8 0.680000
565 566 1.330000 3 0.660000
566 567 1.330000 3 0.660000
567 568 1.150000 2 0.650000
568 569 1.150000 2 0.650000
569 570 1.150000 2 0.650000
570 571 1.150000 2 0.650000
571 572 1.170000 6 0.850000
572 573 1.150000 2 0.650000
573 574 1.150000 2 0.650000
574 575 1.120000 4 0.650000
575 576 1.260000 2 0.780000
576 577 1.260000 2 0.780000
577 578 1.260000 8 0.890000
578 579 1.260000 2 0.780000
579 580 1.300000 2 0.880000
580 581 1.300000 7 0.810000
581 582 1.150000 4 0.630000
582 583 1.320000 6 0.780000
583 584 1.320000 6 0.780000
584 585 1.100000 7 0.860000
585 586 1.260000 2 0.780000
586 587 1.100000 7 0.860000
587 588 1.100000 7 0.860000
588 589 1.150000 2 0.650000
589 590 1.110000 8 0.680000
590 591 1.110000 8 0.680000
591 592 1.100000 7 0.860000
592 593 1.310000 3 0.830000
593 594 1.170000 6 0.790000
594 595 1.310000 3 0.830000
595 596 1.100000 7 0.860000
596 597 1.260000 2 0.780000
597 598 1.310000 3 0.830000
598 599 1.260000 2 0.780000
599 600 1.320000 6 0.780000
600 601 1.310000 3 0.830000
601 602 1.310000 3 0.830000
602 603 1.310000 3 0.830000
603 604 1.100000 7 0.860000
604 605 1.310000 3 0.830000
605 606 1.310000 3 0.830000
606 607 1.110000 5 0.710000
607 608 1.100000 7 0.860000
608 609 1.310000 3 0.830000
609 610 1.310000 3 0.830000
610 611 1.310000 3 0.830000
611 612 1.310000 3 0.830000
612 613 1.310000 3 0.830000
613 614 1.320000 6 0.780000
614 615 1.310000 3 0.830000
615 616 1.310000 3 0.830000
616 617 1.310000 3 0.830000
617 618 1.320000 6 0.780000
618 619 1.310000 3 0.830000
619 620 1.170000 6 0.790000
620 621 1.170000 6 0.790000
621 622 1.310000 3 0.830000
622 623 1.170000 6 0.790000
623 624 1.310000 3 0.830000
624 625 1.310000 3 0.830000
625 626 1.320000 6 0.780000
626 627 1.320000 6 0.780000
627 628 1.320000 6 0.780000
628 629 1.310000 3 0.830000
629 630 1.310000 3 0.830000
630 631 1.310000 3 0.830000
631 632 1.320000 6 0.780000
632 633 1.320000 6 0.780000
633 634 1.320000 6 0.780000
634 635 1.320000 6 0.780000
635 636 1.310000 3 0.830000
636 637 1.310000 3 0.830000
637 638 1.190000 3 0.640000
638 639 1.310000 3 0.830000
639 640 1.230000 3 0.780000
640 641 1.310000 3 0.830000
641 642 1.170000 6 0.850000
642 643 1.170000 6 0.850000
643 644 1.310000 3 0.830000
644 645 1.260000 2 0.780000
645 646 1.260000 2 0.780000
646 647 1.100000 7 0.860000
647 648 1.320000 6 0.780000
648 649 1.100000 7 0.860000
649 650 1.170000 6 0.850000
650 651 1.310000 3 0.830000
651 652 1.100000 7 0.860000
652 653 1.100000 7 0.860000
653 654 1.310000 3 0.830000
654 655 1.340000 4 0.720000
655 656 1.100000 7 0.860000
656 657 1.100000 7 0.860000
657 658 1.340000 4 0.720000
658 659 1.100000 7 0.860000
659 660 1.100000 7 0.860000
660 661 1.170000 6 0.790000
661 662 1.310000 3 0.830000
662 663 1.310000 3 0.830000
663 664 1.310000 3 0.830000
664 665 1.380000 5 0.620000
665 666 1.310000 3 0.830000
666 667 1.310000 3 0.830000
667 668 1.170000 6 0.790000
668 669 1.310000 3 0.830000
669 670 1.260000 2 0.780000
670 671 1.150000 4 0.630000
671 672 1.320000 6 0.780000
672 673 1.230000 3 0.780000
673 674 1.170000 6 0.790000
674 675 1.310000 3 0.830000
675 676 1.310000 3 0.830000
676 677 1.150000 4 0.630000
677 678 1.310000 3 0.830000
678 679 1.310000 3 0.830000
679 680 1.310000 3 0.830000
680 681 1.170000 6 0.790000
681 682 1.230000 3 0.780000
682 683 1.230000 3 0.780000
683 684 1.190000 3 0.640000
684 685 1.310000 3 0.830000
685 686 1.100000 7 0.860000
686 687 1.310000 3 0.830000
687 688 1.100000 7 0.860000
688 689 1.310000 3 0.830000
689 690 1.170000 6 0.850000
690 691 1.320000 6 0.780000
691 692 1.150000 4 0.630000
692 693 1.380000 5 0.620000
693 694 1.340000 4 0.720000
694 695 1.320000 6 0.780000
695 696 1.100000 7 0.860000
696 697 1.310000 3 0.830000
697 698 1.170000 6 0.790000
698 699 1.190000 3 0.640000
699 700 1.310000 3 0.830000
700 701 1.100000 7 0.860000
701 702 1.100000 7 0.860000
702 703 1.260000 2 0.780000
703 704 1.170000 6 0.850000
704 705 1.210000 7 0.810000
705 706 1.300000 2 0.880000
706 707 1.260000 2 0.780000
707 708 1.130000 7 0.850000
708 709 1.320000 6 0.780000
709 710 1.320000 6 0.780000
710 711 1.340000 4 0.720000
711 712 1.310000 3 0.830000
712 713 1.170000 6 0.850000
713 714 1.170000 6 0.850000
714 715 1.170000 6 0.850000
715 716 1.170000 6 0.850000
716 717 1.320000 6 0.780000
717 718 1.170000 6 0.850000
718 719 1.170000 6 0.850000
719 720 1.170000 6 0.850000
720 721 1.170000 6 0.850000
721 722 1.310000 3 0.830000
722 723 1.310000 3 0.830000
723 724 1.310000 3 0.830000
724 725 1.310000 3 0.830000
725 726 1.310000 3 0.830000
726 727 1.310000 3 0.830000
727 728 1.310000 3 0.830000
728 729 1.310000 3 0.830000
729 730 1.310000 3 0.830000
730 731 1.100000 8 0.880000
731 732 1.310000 3 0.830000
732 733 1.110000 8 0.680000
733 734 1.310000 3 0.830000
734 735 1.310000 3 0.830000
735 736 1.310000 3 0.830000
736 737 1.310000 3 0.830000
737 738 1.310000 3 0.830000
738 739 1.330000 4 0.740000
739 740 1.100000 7 0.860000
740 741 1.170000 6 0.790000
741 742 1.260000 2 0.780000
742 743 1.100000 7 0.860000
743 744 1.100000 7 0.860000
744 745 1.320000 6 0.780000
745 746 1.320000 6 0.780000
746 747 1.320000 6 0.780000
747 748 1.320000 6 0.780000
748 749 1.380000 5 0.620000
749 750 1.380000 5 0.620000
750 751 1.310000 3 0.830000
751 752 1.320000 6 0.780000
752 753 1.320000 6 0.780000
753 754 1.310000 3 0.830000
754 755 1.300000 7 0.810000
755 756 1.320000 6 0.780000
756 757 1.110000 5 0.710000
757 758 1.100000 7 0.860000
758 759 1.310000 3 0.830000
759 760 1.100000 7 0.860000
760 761 1.260000 2 0.780000
761 762 1.320000 6 0.780000
762 763 1.320000 6 0.780000
763 764 1.320000 6 0.780000
764 765 1.100000 7 0.860000
765 766 1.340000 4 0.720000
766 767 1.170000 6 0.850000
767 768 1.260000 2 0.780000
768 769 1.260000 2 0.780000
769 770 1.100000 7 0.860000
770 771 1.320000 6 0.780000
771 772 1.260000 2 0.780000
772 773 1.300000 7 0.810000
773 774 1.200000 6 0.750000
774 775 1.200000 7 0.610000
775 776 1.170000 6 0.850000
776 777 1.170000 6 0.850000
777 778 1.340000 4 0.720000
778 779 1.170000 6 0.850000
779 780 1.340000 4 0.720000
780 781 1.110000 5 0.710000
781 782 1.110000 5 0.710000
782 783 1.100000 7 0.860000
783 784 1.100000 7 0.860000
784 785 1.100000 7 0.860000
785 786 1.320000 6 0.780000
786 787 1.100000 7 0.860000
787 788 1.100000 7 0.860000
788 789 1.100000 7 0.860000
789 790 1.100000 7 0.860000
790 791 1.320000 6 0.780000
791 792 1.110000 5 0.710000
792 793 1.100000 7 0.860000
793 794 1.100000 7 0.860000
794 795 1.100000 7 0.860000
795 796 1.100000 7 0.860000
796 797 1.310000 3 0.830000
797 798 1.310000 3 0.830000
798 799 1.310000 3 0.830000
799 800 1.310000 3 0.830000
800 801 1.100000 7 0.860000
801 802 1.100000 7 0.860000
802 803 1.310000 3 0.830000
803 804 1.310000 3 0.830000
804 805 1.320000 6 0.780000
805 806 1.310000 3 0.830000
806 807 1.340000 4 0.720000
807 808 1.310000 3 0.830000
808 809 1.310000 3 0.830000
809 810 1.100000 7 0.860000
810 811 1.220000 8 0.830000
811 812 1.320000 6 0.780000
812 813 1.100000 7 0.860000
813 814 1.170000 6 0.790000
814 815 1.300000 7 0.810000
815 816 1.310000 3 0.830000
816 817 1.310000 3 0.830000
817 818 1.230000 3 0.780000
818 819 1.310000 3 0.830000
819 820 1.260000 2 0.780000
820 821 1.310000 3 0.830000
821 822 1.310000 3 0.830000
822 823 1.170000 6 0.790000
823 824 1.310000 3 0.830000
824 825 1.100000 7 0.860000
825 826 1.100000 7 0.860000
826 827 1.100000 7 0.860000
827 828 1.320000 6 0.780000
828 829 1.100000 7 0.860000
829 830 1.310000 3 0.830000
830 831 1.310000 3 0.830000
831 832 1.310000 3 0.830000
832 833 1.310000 3 0.830000
833 834 1.310000 3 0.830000
834 835 1.310000 3 0.830000
835 836 1.310000 3 0.830000
836 837 1.260000 2 0.780000
837 838 1.260000 2 0.780000
838 839 1.260000 2 0.780000
839 840 1.100000 7 0.860000
840 841 1.320000 6 0.780000
841 842 1.320000 6 0.780000
842 843 1.320000 6 0.780000
843 844 1.320000 6 0.780000
844 845 1.310000 3 0.830000
845 846 1.110000 5 0.710000
846 847 1.310000 3 0.830000
847 848 1.300000 7 0.810000
848 849 1.320000 6 0.780000
849 850 1.170000 6 0.850000
850 851 1.260000 2 0.780000
851 852 1.170000 6 0.850000
852 853 1.170000 6 0.850000
853 854 1.170000 6 0.850000
854 855 1.170000 6 0.850000
855 856 1.310000 3 0.830000
856 857 1.100000 7 0.860000
857 858 1.100000 7 0.860000
858 859 1.170000 6 0.850000
859 860 1.320000 6 0.780000
860 861 1.110000 8 0.680000
861 862 1.170000 6 0.850000
862 863 1.100000 7 0.860000
863 864 1.100000 7 0.860000
864 865 1.200000 4 0.710000
865 866 1.310000 3 0.830000
866 867 1.310000 3 0.830000
867 868 1.100000 7 0.860000
868 869 1.310000 3 0.830000
869 870 1.230000 3 0.780000
870 871 1.170000 6 0.790000
871 872 1.320000 6 0.780000
872 873 1.260000 2 0.780000
873 874 1.380000 8 0.710000
874 875 1.300000 7 0.810000
875 876 1.240000 2 0.770000
876 877 1.170000 6 0.850000
877 878 1.300000 7 0.810000
878 879 1.170000 6 0.790000
879 880 1.310000 3 0.830000
880 881 1.310000 3 0.830000
881 882 1.310000 3 0.830000
882 883 1.170000 6 0.790000
883 884 1.310000 3 0.830000
884 885 1.380000 8 0.710000
885 886 1.310000 3 0.830000
886 887 1.260000 2 0.780000
887 888 1.310000 3 0.830000
888 889 1.310000 3 0.830000
889 890 1.310000 3 0.830000
890 891 1.170000 6 0.850000
891 892 1.310000 3 0.830000
892 893 1.310000 3 0.830000
893 894 1.310000 3 0.830000
894 895 1.100000 7 0.860000
895 896 1.100000 7 0.860000
896 897 1.100000 7 0.860000
897 898 1.110000 8 0.680000
898 899 1.100000 7 0.860000
899 900 1.320000 6 0.780000
900 901 1.320000 6 0.780000
901 902 1.310000 3 0.830000
902 903 1.310000 3 0.830000
903 904 1.310000 3 0.830000
904 905 1.310000 3 0.830000
905 906 1.170000 6 0.850000
906 907 1.100000 7 0.860000
907 908 1.170000 6 0.850000
908 909 1.100000 7 0.860000
909 910 1.100000 7 0.860000
910 911 1.110000 8 0.680000
911 912 1.270000 7 0.600000
912 913 1.150000 2 0.650000
913 914 1.150000 2 0.650000
914 915 1.170000 6 0.850000
915 916 1.110000 8 0.680000
916 917 1.320000 6 0.780000
917 918 1.100000 7 0.860000
918 919 1.310000 3 0.830000
919 920 1.340000 4 0.720000
920 921 1.340000 4 0.720000
921 922 1.170000 6 0.790000
922 923 1.220000 7 0.880000
923 924 1.100000 7 0.860000
924 925 1.100000 7 0.860000
925 926 1.100000 7 0.860000
926 927 1.320000 6 0.780000
927 928 1.260000 8 0.890000
928 929 1.310000 3 0.830000
929 930 1.100000 7 0.860000
930 931 1.260000 2 0.780000
931 932 1.170000 6 0.850000
932 933 1.120000 7 0.620000
933 934 1.290000 7 0.740000
934 935 1.170000 6 0.850000
935 936 1.170000 6 0.850000
936 937 1.160000 3 0.710000
937 938 1.160000 3 0.710000
938 939 1.100000 7 0.860000
939 940 1.150000 4 0.630000
940 941 1.370000 2 0.600000
941 942 1.320000 6 0.780000
942 943 1.100000 7 0.860000
943 944 1.330000 4 0.740000
944 945 1.320000 6 0.780000
945 946 1.320000 6 0.780000
946 947 1.310000 3 0.830000
947 948 1.100000 7 0.860000
948 949 1.100000 7 0.860000
949 950 1.340000 4 0.720000
950 951 1.320000 6 0.780000
951 952 1.320000 6 0.780000
952 953 1.170000 6 0.850000
953 954 1.170000 6 0.850000
954 955 1.110000 5 0.710000
955 956 1.100000 7 0.860000
956 957 1.310000 3 0.830000
957 958 1.310000 3 0.830000
958 959 1.170000 6 0.850000
959 960 1.100000 7 0.860000
960 961 1.100000 7 0.860000
961 962 1.310000 3 0.830000
962 963 1.310000 3 0.830000
963 964 1.380000 8 0.710000
964 965 1.380000 5 0.620000
965 966 1.100000 7 0.860000
966 967 1.100000 7 0.860000
967 968 1.310000 3 0.830000
968 969 1.100000 7 0.860000
969 970 1.340000 4 0.720000
970 971 1.380000 5 0.620000
971 972 1.310000 3 0.830000
972 973 1.310000 3 0.830000
973 974 1.380000 5 0.620000
974 975 1.310000 3 0.830000
975 976 1.310000 3 0.830000
976 977 1.310000 3 0.830000
977 978 1.310000 3 0.830000
978 979 1.310000 3 0.830000
979 980 1.310000 3 0.830000
980 981 1.310000 3 0.830000
981 982 1.310000 3 0.830000
982 983 1.310000 3 0.830000
983 984 1.100000 7 0.860000
984 985 1.310000 3 0.830000
985 986 1.310000 3 0.830000
986 987 1.310000 3 0.830000
987 988 1.170000 6 0.790000
988 989 1.310000 3 0.830000
989 990 1.310000 3 0.830000
990 991 1.310000 3 0.830000
991 992 1.310000 3 0.830000
992 993 1.310000 3 0.830000
993 994 1.310000 3 0.830000
994 995 1.310000 3 0.830000
995 996 1.100000 7 0.860000
996 997 1.310000 3 0.830000
997 998 1.170000 6 0.850000
998 999 1.260000 2 0.780000
999 1000 1.110000 8 0.680000
1000 1001 1.310000 3 0.830000
1001 1002 1.310000 3 0.830000
1002 1003 1.110000 5 0.710000
1003 1004 1.100000 7 0.860000
1004 1005 1.310000 3 0.830000
1005 1006 1.170000 6 0.850000
1006 1007 1.320000 6 0.780000
1007 1008 1.300000 7 0.810000
1008 1009 1.320000 6 0.780000
1009 1010 1.310000 3 0.830000
1010 1011 1.320000 6 0.780000
1011 1012 1.320000 6 0.780000
1012 1013 1.310000 3 0.830000
1013 1014 1.110000 2 0.710000
1014 1015 1.320000 6 0.780000
1015 1016 1.320000 6 0.780000
1016 1017 1.320000 6 0.780000
1017 1018 1.110000 2 0.710000
1018 1019 1.160000 2 0.790000
1019 1020 1.300000 7 0.810000
1020 1021 1.310000 3 0.830000
1021 1022 1.310000 3 0.830000
1022 1023 1.320000 6 0.780000
1023 1024 1.320000 6 0.780000
1024 1025 1.260000 2 0.780000
1025 1026 1.310000 3 0.830000
1026 1027 1.100000 7 0.860000
1027 1028 1.100000 7 0.860000
1028 1029 1.100000 7 0.860000
1029 1030 1.320000 6 0.780000
1030 1031 1.100000 7 0.860000
1031 1032 1.320000 6 0.780000
1032 1033 1.310000 3 0.830000
1033 1034 1.310000 3 0.830000
1034 1035 1.320000 6 0.780000
1035 1036 1.190000 3 0.640000
1036 1037 1.100000 7 0.860000
1037 1038 1.320000 6 0.780000
1038 1039 1.100000 7 0.860000
1039 1040 1.320000 6 0.780000
1040 1041 1.320000 6 0.780000
1041 1042 1.310000 3 0.830000
1042 1043 1.320000 6 0.780000
1043 1044 1.310000 3 0.830000
1044 1045 1.310000 3 0.830000
1045 1046 1.320000 6 0.780000
1046 1047 1.320000 6 0.780000
1047 1048 1.310000 3 0.830000
1048 1049 1.310000 3 0.830000
1049 1050 1.310000 3 0.830000
1050 1051 1.310000 3 0.830000
1051 1052 1.230000 3 0.780000
1052 1053 1.310000 3 0.830000
1053 1054 1.310000 3 0.830000
1054 1055 1.310000 3 0.830000
1055 1056 1.100000 8 0.880000
1056 1057 1.230000 3 0.780000
1057 1058 1.260000 2 0.780000
1058 1059 1.380000 8 0.710000
1059 1060 1.380000 8 0.710000
1060 1061 1.380000 8 0.710000
1061 1062 1.380000 8 0.710000
1062 1063 1.260000 2 0.780000
1063 1064 1.310000 3 0.830000
1064 1065 1.260000 2 0.780000
1065 1066 1.260000 2 0.780000
1066 1067 1.310000 3 0.830000
1067 1068 1.310000 3 0.830000
1068 1069 1.170000 6 0.790000
1069 1070 1.380000 8 0.710000
1070 1071 1.170000 6 0.850000
1071 1072 1.170000 6 0.850000
1072 1073 1.310000 3 0.830000
1073 1074 1.380000 8 0.710000
1074 1075 1.310000 3 0.830000
1075 1076 1.380000 8 0.710000
1076 1077 1.310000 3 0.830000
1077 1078 1.310000 3 0.830000
1078 1079 1.310000 3 0.830000
1079 1080 1.320000 6 0.780000
1080 1081 1.340000 4 0.720000
1081 1082 1.320000 6 0.780000
1082 1083 1.100000 7 0.860000
1083 1084 1.150000 2 0.650000
1084 1085 1.340000 4 0.720000
1085 1086 1.110000 8 0.680000
1086 1087 1.260000 2 0.780000
1087 1088 1.260000 2 0.780000
1088 1089 1.340000 4 0.720000
1089 1090 1.110000 5 0.710000
1090 1091 1.110000 5 0.710000
1091 1092 1.320000 6 0.780000
1092 1093 1.320000 6 0.780000
1093 1094 1.100000 7 0.860000
1094 1095 1.100000 7 0.860000
1095 1096 1.320000 6 0.780000
1096 1097 1.320000 6 0.780000
1097 1098 1.320000 6 0.780000
1098 1099 1.320000 6 0.780000
1099 1100 1.320000 6 0.780000
1100 1101 1.100000 7 0.860000
1101 1102 1.310000 3 0.830000
1102 1103 1.150000 2 0.650000
1103 1104 1.320000 6 0.780000
1104 1105 1.300000 7 0.810000
1105 1106 1.170000 6 0.850000
1106 1107 1.110000 5 0.710000
1107 1108 1.170000 6 0.850000
1108 1109 1.260000 2 0.780000
1109 1110 1.260000 2 0.780000
1110 1111 1.340000 2 0.760000
1111 1112 1.260000 2 0.780000
1112 1113 1.390000 8 0.800000
1113 1114 1.270000 8 0.790000
1114 1115 1.260000 2 0.780000
1115 1116 1.170000 6 0.850000
1116 1117 1.170000 6 0.850000
1117 1118 1.110000 2 0.710000
1118 1119 1.100000 7 0.860000
1119 1120 1.310000 3 0.830000
1120 1121 1.230000 3 0.780000
1121 1122 1.170000 6 0.790000
1122 1123 1.310000 3 0.830000
1123 1124 1.310000 3 0.830000
1124 1125 1.300000 7 0.810000
1125 1126 1.230000 3 0.780000
1126 1127 1.260000 2 0.780000
1127 1128 1.310000 3 0.830000
1128 1129 1.310000 3 0.830000
1129 1130 1.310000 3 0.830000
1130 1131 1.310000 3 0.830000
1131 1132 1.310000 3 0.830000
1132 1133 1.310000 3 0.830000
1133 1134 1.310000 3 0.830000
1134 1135 1.310000 3 0.830000
1135 1136 1.310000 3 0.830000
1136 1137 1.170000 6 0.850000
1137 1138 1.310000 3 0.830000
1138 1139 1.310000 3 0.830000
1139 1140 1.310000 3 0.830000
1140 1141 1.170000 6 0.790000
1141 1142 1.310000 3 0.830000
1142 1143 1.150000 4 0.630000
1143 1144 1.150000 4 0.630000
1144 1145 1.310000 3 0.830000
1145 1146 1.320000 6 0.780000
1146 1147 1.310000 3 0.830000
1147 1148 1.310000 3 0.830000
1148 1149 1.310000 3 0.830000
1149 1150 1.260000 2 0.780000
1150 1151 1.110000 5 0.710000
1151 1152 1.300000 7 0.810000
1152 1153 1.170000 6 0.790000
1153 1154 1.360000 6 0.810000
1154 1155 1.110000 5 0.710000
1155 1156 1.310000 3 0.830000
1156 1157 1.300000 7 0.810000
1157 1158 1.100000 7 0.860000
1158 1159 1.100000 7 0.860000
1159 1160 1.100000 7 0.860000
1160 1161 1.100000 7 0.860000
1161 1162 1.100000 7 0.860000
1162 1163 1.310000 3 0.830000
1163 1164 1.260000 2 0.780000
1164 1165 1.260000 2 0.780000
1165 1166 1.260000 2 0.780000
1166 1167 1.260000 2 0.780000
1167 1168 1.110000 8 0.680000
1168 1169 1.160000 2 0.790000
1169 1170 1.210000 7 0.810000
1170 1171 1.370000 8 0.700000
1171 1172 1.260000 2 0.780000
1172 1173 1.260000 2 0.780000
1173 1174 1.260000 2 0.780000
1174 1175 1.340000 4 0.720000
1175 1176 1.100000 6 0.890000
1176 1177 1.100000 6 0.890000
1177 1178 1.110000 5 0.710000
1178 1179 1.340000 4 0.720000
1179 1180 1.340000 4 0.720000
1180 1181 1.200000 6 0.760000
1181 1182 1.340000 4 0.720000
1182 1183 1.150000 2 0.650000
1183 1184 1.260000 3 0.790000
1184 1185 1.260000 2 0.780000
1185 1186 1.100000 7 0.860000
1186 1187 1.150000 2 0.650000
1187 1188 1.330000 3 0.660000
1188 1189 1.310000 3 0.830000
1189 1190 1.110000 8 0.620000
1190 1191 1.150000 2 0.650000
1191 1192 1.170000 6 0.850000
1192 1193 1.170000 6 0.790000
1193 1194 1.230000 5 0.720000
1194 1195 1.230000 5 0.720000
1195 1196 1.310000 3 0.830000
1196 1197 1.310000 3 0.830000
1197 1198 1.310000 3 0.830000
1198 1199 1.310000 3 0.830000
1199 1200 1.310000 3 0.830000
1200 1201 1.310000 3 0.830000
1201 1202 1.110000 2 0.710000
1202 1203 1.310000 3 0.830000
1203 1204 1.310000 3 0.830000
1204 1205 1.310000 3 0.830000
1205 1206 1.100000 7 0.860000
1206 1207 1.310000 3 0.830000
1207 1208 1.310000 3 0.830000
1208 1209 1.310000 3 0.830000
1209 1210 1.100000 7 0.860000
1210 1211 1.310000 3 0.830000
1211 1212 1.320000 6 0.780000
1212 1213 1.100000 7 0.860000
1213 1214 1.340000 4 0.720000
1214 1215 1.320000 6 0.780000
1215 1216 1.320000 6 0.780000
1216 1217 1.380000 8 0.710000
1217 1218 1.320000 6 0.780000
1218 1219 1.380000 5 0.620000
1219 1220 1.310000 3 0.830000
1220 1221 1.260000 2 0.780000
1221 1222 1.310000 3 0.830000
1222 1223 1.100000 7 0.860000
1223 1224 1.100000 7 0.860000
1224 1225 1.250000 8 0.690000
1225 1226 1.320000 6 0.780000
1226 1227 1.320000 6 0.780000
1227 1228 1.320000 6 0.780000
1228 1229 1.320000 6 0.780000
1229 1230 1.170000 6 0.790000
1230 1231 1.310000 3 0.830000
1231 1232 1.310000 3 0.830000
1232 1233 1.310000 3 0.830000
1233 1234 1.310000 3 0.830000
1234 1235 1.310000 3 0.830000
1235 1236 1.310000 3 0.830000
1236 1237 1.170000 6 0.850000
1237 1238 1.190000 3 0.640000
1238 1239 1.310000 3 0.830000
1239 1240 1.260000 2 0.780000
1240 1241 1.110000 8 0.680000
1241 1242 1.260000 2 0.780000
1242 1243 1.110000 5 0.710000
1243 1244 1.210000 7 0.810000
1244 1245 1.110000 8 0.680000
1245 1246 1.340000 4 0.720000
1246 1247 1.100000 7 0.860000
1247 1248 1.100000 7 0.860000
1248 1249 1.100000 7 0.860000
1249 1250 1.100000 7 0.860000
1250 1251 1.170000 6 0.850000
1251 1252 1.100000 7 0.860000
1252 1253 1.100000 7 0.860000
1253 1254 1.340000 4 0.720000
1254 1255 1.310000 3 0.830000
1255 1256 1.310000 3 0.830000
1256 1257 1.170000 6 0.790000
1257 1258 1.170000 6 0.790000
1258 1259 1.310000 3 0.830000
1259 1260 1.310000 3 0.830000
1260 1261 1.190000 3 0.640000
1261 1262 1.100000 7 0.860000
1262 1263 1.100000 7 0.860000
1263 1264 1.100000 7 0.860000
1264 1265 1.150000 2 0.650000
1265 1266 1.320000 6 0.780000
1266 1267 1.320000 6 0.780000
1267 1268 1.310000 3 0.830000
1268 1269 1.100000 7 0.860000
1269 1270 1.100000 7 0.860000
1270 1271 1.100000 7 0.860000
1271 1272 1.100000 7 0.860000
1272 1273 1.100000 7 0.860000
1273 1274 1.380000 5 0.620000
1274 1275 1.320000 6 0.780000
1275 1276 1.260000 2 0.780000
1276 1277 1.170000 6 0.850000
1277 1278 1.220000 8 0.830000
1278 1279 1.220000 6 0.850000
1279 1280 1.100000 7 0.860000
1280 1281 1.370000 2 0.600000
1281 1282 1.160000 2 0.790000
1282 1283 1.160000 2 0.790000
1283 1284 1.160000 2 0.790000
1284 1285 1.160000 2 0.790000
1285 1286 1.340000 2 0.760000
1286 1287 1.300000 7 0.810000
1287 1288 1.170000 6 0.790000
1288 1289 1.100000 7 0.860000
1289 1290 1.310000 3 0.830000
1290 1291 1.310000 3 0.830000
1291 1292 1.230000 3 0.780000
1292 1293 1.230000 3 0.780000
1293 1294 1.230000 3 0.780000
1294 1295 1.230000 3 0.780000
1295 1296 1.310000 3 0.830000
1296 1297 1.100000 7 0.860000
1297 1298 1.320000 6 0.780000
1298 1299 1.380000 5 0.620000
1299 1300 1.380000 5 0.620000
1300 1301 1.380000 5 0.620000
1301 1302 1.310000 3 0.830000
1302 1303 1.100000 7 0.860000
1303 1304 1.300000 7 0.810000
1304 1305 1.300000 7 0.810000
1305 1306 1.260000 2 0.780000
1306 1307 1.320000 6 0.780000
1307 1308 1.170000 6 0.790000
1308 1309 1.310000 3 0.830000
1309 1310 1.310000 3 0.830000
1310 1311 1.310000 3 0.830000
1311 1312 1.100000 7 0.860000
1312 1313 1.100000 7 0.860000
1313 1314 1.310000 3 0.830000
1314 1315 1.310000 3 0.830000
1315 1316 1.340000 4 0.720000
1316 1317 1.310000 3 0.830000
1317 1318 1.100000 7 0.860000
1318 1319 1.310000 3 0.830000
1319 1320 1.310000 3 0.830000
1320 1321 1.310000 3 0.830000
1321 1322 1.290000 7 0.740000
1322 1323 1.100000 7 0.860000
1323 1324 1.170000 6 0.850000
1324 1325 1.100000 7 0.860000
1325 1326 1.100000 7 0.860000
1326 1327 1.320000 6 0.780000
1327 1328 1.320000 6 0.780000
1328 1329 1.320000 6 0.780000
1329 1330 1.170000 6 0.790000
1330 1331 1.170000 6 0.790000
1331 1332 1.340000 4 0.720000
1332 1333 1.380000 8 0.710000
1333 1334 1.380000 8 0.710000
1334 1335 1.170000 6 0.790000
1335 1336 1.310000 3 0.830000
1336 1337 1.310000 3 0.830000
1337 1338 1.170000 6 0.790000
1338 1339 1.310000 3 0.830000
1339 1340 1.170000 6 0.790000
1340 1341 1.100000 7 0.860000
1341 1342 1.310000 3 0.830000
1342 1343 1.100000 7 0.860000
1343 1344 1.100000 7 0.860000
1344 1345 1.100000 7 0.860000
1345 1346 1.100000 7 0.860000
1346 1347 1.100000 7 0.860000
1347 1348 1.100000 7 0.860000
1348 1349 1.100000 7 0.860000
1349 1350 1.100000 7 0.860000
1350 1351 1.310000 3 0.830000
1351 1352 1.160000 2 0.790000
1352 1353 1.100000 7 0.860000
1353 1354 1.170000 6 0.850000
1354 1355 1.320000 6 0.780000
1355 1356 1.310000 3 0.830000
1356 1357 1.100000 7 0.860000
1357 1358 1.160000 2 0.790000
1358 1359 1.160000 2 0.790000
1359 1360 1.160000 2 0.790000
1360 1361 1.320000 6 0.780000
1361 1362 1.100000 7 0.860000
1362 1363 1.310000 3 0.830000
1363 1364 1.100000 7 0.860000
1364 1365 1.310000 3 0.830000
1365 1366 1.310000 3 0.830000
1366 1367 1.310000 3 0.830000
1367 1368 1.310000 3 0.830000
1368 1369 1.310000 3 0.830000
1369 1370 1.310000 3 0.830000
1370 1371 1.100000 7 0.860000
1371 1372 1.100000 7 0.860000
1372 1373 1.170000 6 0.790000
1373 1374 1.170000 6 0.790000
1374 1375 1.310000 3 0.830000
1375 1376 1.260000 2 0.780000
1376 1377 1.170000 6 0.790000
1377 1378 1.100000 7 0.860000
1378 1379 1.310000 3 0.830000
1379 1380 1.320000 6 0.780000
1380 1381 1.310000 3 0.830000
1381 1382 1.310000 3 0.830000
1382 1383 1.340000 4 0.720000
1383 1384 1.310000 3 0.830000
1384 1385 1.170000 6 0.790000
1385 1386 1.100000 7 0.860000
1386 1387 1.310000 3 0.830000
1387 1388 1.310000 3 0.830000
1388 1389 1.170000 6 0.790000
1389 1390 1.310000 3 0.830000
1390 1391 1.310000 3 0.830000
1391 1392 1.310000 3 0.830000
1392 1393 1.310000 3 0.830000
1393 1394 1.100000 7 0.860000
1394 1395 1.320000 6 0.780000
1395 1396 1.170000 6 0.790000
1396 1397 1.310000 3 0.830000
1397 1398 1.170000 6 0.790000
1398 1399 1.310000 3 0.830000
1399 1400 1.260000 2 0.780000
1400 1401 1.310000 3 0.830000
1401 1402 1.310000 3 0.830000
1402 1403 1.320000 6 0.780000
1403 1404 1.320000 6 0.780000
1404 1405 1.310000 3 0.830000
1405 1406 1.310000 3 0.830000
1406 1407 1.310000 3 0.830000
1407 1408 1.310000 3 0.830000
1408 1409 1.310000 3 0.830000
1409 1410 1.100000 7 0.860000
1410 1411 1.310000 3 0.830000
1411 1412 1.310000 3 0.830000
1412 1413 1.310000 3 0.830000
1413 1414 1.100000 7 0.860000
1414 1415 1.160000 2 0.790000
1415 1416 1.100000 7 0.860000
1416 1417 1.100000 7 0.860000
1417 1418 1.100000 7 0.860000
1418 1419 1.100000 7 0.860000
1419 1420 1.100000 7 0.860000
1420 1421 1.100000 7 0.860000
1421 1422 1.160000 2 0.790000
1422 1423 1.100000 7 0.860000
1423 1424 1.100000 7 0.860000
1424 1425 1.100000 7 0.860000
1425 1426 1.100000 7 0.860000
1426 1427 1.170000 6 0.850000
1427 1428 1.100000 7 0.860000
1428 1429 1.150000 2 0.650000
1429 1430 1.100000 7 0.860000
1430 1431 1.100000 7 0.860000
1431 1432 1.100000 7 0.860000
1432 1433 1.100000 7 0.860000
1433 1434 1.110000 5 0.710000
1434 1435 1.150000 2 0.650000
1435 1436 1.110000 5 0.710000
1436 1437 1.110000 5 0.710000
1437 1438 1.100000 7 0.860000
1438 1439 1.210000 7 0.810000
1439 1440 1.320000 6 0.780000
1440 1441 1.110000 5 0.710000
1441 1442 1.100000 7 0.860000
1442 1443 1.300000 7 0.810000
1443 1444 1.300000 7 0.810000
1444 1445 1.100000 7 0.860000
1445 1446 1.100000 7 0.860000
1446 1447 1.250000 3 0.840000
1447 1448 1.310000 3 0.830000
1448 1449 1.170000 6 0.790000
1449 1450 1.170000 6 0.790000
1450 1451 1.100000 7 0.860000
1451 1452 1.170000 6 0.790000
1452 1453 1.170000 6 0.790000
1453 1454 1.150000 2 0.650000
1454 1455 1.310000 3 0.830000
1455 1456 1.100000 7 0.860000
1456 1457 1.310000 3 0.830000
1457 1458 1.310000 3 0.830000
1458 1459 1.320000 6 0.780000
1459 1460 1.320000 6 0.780000
1460 1461 1.320000 6 0.780000
1461 1462 1.320000 6 0.780000
1462 1463 1.380000 5 0.620000
1463 1464 1.340000 4 0.720000
1464 1465 1.310000 3 0.830000
1465 1466 1.310000 3 0.830000
1466 1467 1.320000 6 0.780000
1467 1468 1.320000 6 0.780000
1468 1469 1.320000 6 0.780000
1469 1470 1.310000 3 0.830000
1470 1471 1.310000 3 0.830000
1471 1472 1.170000 6 0.790000
1472 1473 1.310000 3 0.830000
1473 1474 1.310000 3 0.830000
1474 1475 1.310000 3 0.830000
1475 1476 1.310000 3 0.830000
1476 1477 1.310000 3 0.830000
1477 1478 1.310000 3 0.830000
1478 1479 1.310000 3 0.830000
1479 1480 1.100000 7 0.860000
1480 1481 1.220000 7 0.880000
1481 1482 1.100000 7 0.860000
1482 1483 1.150000 4 0.630000
1483 1484 1.260000 2 0.780000
1484 1485 1.310000 3 0.830000
1485 1486 1.310000 3 0.830000
1486 1487 1.260000 2 0.780000
1487 1488 1.160000 2 0.790000
1488 1489 1.100000 6 0.890000
1489 1490 1.330000 3 0.660000
1490 1491 1.260000 2 0.780000
1491 1492 1.100000 7 0.860000
1492 1493 1.300000 7 0.810000
1493 1494 1.260000 2 0.780000
1494 1495 1.300000 2 0.880000
1495 1496 1.260000 2 0.780000
1496 1497 1.300000 2 0.880000
1497 1498 1.340000 5 0.600000
1498 1499 1.340000 4 0.720000
1499 1500 1.260000 2 0.780000
1500 1501 1.100000 7 0.860000
1501 1502 1.320000 6 0.780000
1502 1503 1.320000 6 0.780000
1503 1504 1.310000 3 0.830000
1504 1505 1.310000 3 0.830000
1505 1506 1.200000 7 0.610000
1506 1507 1.260000 2 0.780000
1507 1508 1.330000 3 0.660000
1508 1509 1.270000 8 0.790000
1509 1510 1.330000 3 0.660000
1510 1511 1.330000 3 0.660000
1511 1512 1.330000 3 0.660000
1512 1513 1.110000 2 0.710000
1513 1514 1.330000 3 0.660000
1514 1515 1.220000 7 0.880000
1515 1516 1.120000 7 0.620000
1516 1517 1.260000 2 0.780000
1517 1518 1.260000 2 0.780000
1518 1519 1.150000 2 0.650000
1519 1520 1.150000 2 0.650000
1520 1521 1.330000 3 0.660000
1521 1522 1.330000 3 0.660000
1522 1523 1.150000 2 0.650000
1523 1524 1.150000 2 0.650000
1524 1525 1.330000 3 0.660000
1525 1526 1.150000 2 0.650000
1526 1527 1.150000 2 0.650000
1527 1528 1.150000 2 0.650000
1528 1529 1.150000 2 0.650000
1529 1530 1.150000 2 0.650000
1530 1531 1.150000 2 0.650000
1531 1532 1.150000 2 0.650000
1532 1533 1.150000 2 0.650000
1533 1534 1.150000 2 0.650000
1534 1535 1.150000 2 0.650000
1535 1536 1.110000 8 0.680000
1536 1537 1.260000 2 0.780000
1537 1538 1.330000 3 0.660000
1538 1539 1.150000 2 0.650000
1539 1540 1.150000 2 0.650000
1540 1541 1.170000 6 0.790000
1541 1542 1.170000 6 0.790000
1542 1543 1.100000 7 0.860000
1543 1544 1.150000 2 0.650000
1544 1545 1.100000 7 0.860000
1545 1546 1.260000 2 0.780000
1546 1547 1.150000 2 0.650000
1547 1548 1.150000 2 0.650000
1548 1549 1.150000 2 0.650000
1549 1550 1.330000 3 0.660000
1550 1551 1.260000 2 0.780000
1551 1552 1.220000 7 0.880000
1552 1553 1.150000 2 0.650000
1553 1554 1.150000 2 0.650000
1554 1555 1.330000 3 0.660000
1555 1556 1.330000 3 0.660000
1556 1557 1.150000 2 0.650000
1557 1558 1.330000 3 0.660000
1558 1559 1.260000 2 0.780000
1559 1560 1.330000 3 0.660000
1560 1561 1.200000 4 0.830000
1561 1562 1.330000 3 0.660000
1562 1563 1.260000 2 0.780000
1563 1564 1.110000 8 0.680000
1564 1565 1.150000 2 0.650000
1565 1566 1.310000 8 0.790000
1566 1567 1.150000 2 0.650000
1567 1568 1.180000 4 0.610000
1568 1569 1.110000 5 0.710000
1569 1570 1.260000 2 0.780000
1570 1571 1.330000 3 0.660000
1571 1572 1.330000 3 0.660000
1572 1573 1.330000 3 0.660000
1573 1574 1.150000 2 0.650000
1574 1575 1.260000 2 0.780000
1575 1576 1.260000 2 0.780000
1576 1577 1.180000 8 0.700000
1577 1578 1.260000 2 0.780000
1578 1579 1.260000 2 0.780000
1579 1580 1.180000 8 0.700000
1580 1581 1.340000 4 0.720000
1581 1582 1.310000 6 0.690000
1582 1583 1.200000 6 0.610000
1583 1584 1.330000 3 0.660000
1584 1585 1.150000 2 0.650000
1585 1586 1.150000 2 0.650000
1586 1587 1.150000 2 0.650000
1587 1588 1.110000 8 0.680000
1588 1589 1.150000 2 0.650000
1589 1590 1.150000 2 0.650000
1590 1591 1.150000 2 0.650000
1591 1592 1.150000 2 0.650000
1592 1593 1.150000 2 0.650000
1593 1594 1.200000 6 0.610000
1594 1595 1.150000 2 0.650000
1595 1596 1.330000 3 0.660000
1596 1597 1.330000 3 0.660000
1597 1598 1.330000 3 0.660000
1598 1599 1.330000 3 0.660000
1599 1600 1.260000 8 0.890000
1600 1601 1.260000 8 0.890000
1601 1602 1.260000 2 0.780000
1602 1603 1.200000 6 0.610000
1603 1604 1.200000 6 0.610000
1604 1605 1.260000 2 0.780000
1605 1606 1.340000 4 0.720000
1606 1607 1.330000 3 0.660000
1607 1608 1.150000 4 0.630000
1608 1609 1.200000 6 0.610000
1609 1610 1.150000 2 0.650000
1610 1611 1.110000 5 0.710000
1611 1612 1.260000 2 0.780000
1612 1613 1.290000 6 0.640000
1613 1614 1.260000 2 0.780000
1614 1615 1.330000 3 0.660000
1615 1616 1.150000 2 0.650000
1616 1617 1.360000 2 0.650000
1617 1618 1.150000 2 0.650000
1618 1619 1.150000 2 0.650000
1619 1620 1.330000 3 0.660000
1620 1621 1.180000 4 0.610000
1621 1622 1.330000 3 0.660000
1622 1623 1.150000 2 0.650000
1623 1624 1.150000 2 0.650000
1624 1625 1.150000 2 0.650000
1625 1626 1.150000 2 0.650000
1626 1627 1.150000 2 0.650000
1627 1628 1.150000 2 0.650000
1628 1629 1.150000 2 0.650000
1629 1630 1.150000 2 0.650000
1630 1631 1.330000 3 0.660000
1631 1632 1.330000 3 0.660000
1632 1633 1.330000 3 0.660000
1633 1634 1.330000 3 0.660000
1634 1635 1.200000 7 0.610000
1635 1636 1.150000 2 0.650000
1636 1637 1.150000 2 0.650000
1637 1638 1.150000 2 0.650000
1638 1639 1.330000 3 0.660000
1639 1640 1.260000 2 0.780000
1640 1641 1.110000 2 0.710000
1641 1642 1.150000 2 0.650000
1642 1643 1.260000 2 0.780000
1643 1644 1.290000 6 0.640000
1644 1645 1.150000 2 0.650000
1645 1646 1.150000 2 0.650000
1646 1647 1.150000 2 0.650000
1647 1648 1.150000 2 0.650000
1648 1649 1.330000 3 0.660000
1649 1650 1.330000 3 0.660000
1650 1651 1.330000 3 0.660000
1651 1652 1.150000 2 0.650000
1652 1653 1.150000 2 0.650000
1653 1654 1.330000 3 0.660000
1654 1655 1.330000 3 0.660000
1655 1656 1.330000 3 0.660000
1656 1657 1.330000 3 0.660000
1657 1658 1.330000 3 0.660000
1658 1659 1.290000 6 0.640000
1659 1660 1.150000 2 0.650000
1660 1661 1.150000 2 0.650000
1661 1662 1.150000 2 0.650000
1662 1663 1.330000 3 0.660000
1663 1664 1.150000 2 0.650000
1664 1665 1.260000 8 0.890000
1665 1666 1.180000 8 0.700000
1666 1667 1.100000 8 0.880000
1667 1668 1.100000 8 0.880000
1668 1669 1.200000 6 0.610000
1669 1670 1.150000 2 0.650000
1670 1671 1.210000 7 0.810000
1671 1672 1.150000 2 0.650000
1672 1673 1.330000 3 0.660000
1673 1674 1.150000 2 0.650000
1674 1675 1.330000 3 0.660000
1675 1676 1.150000 2 0.650000
1676 1677 1.150000 2 0.650000
1677 1678 1.330000 3 0.660000
1678 1679 1.150000 2 0.650000
1679 1680 1.260000 2 0.780000
1680 1681 1.260000 2 0.780000
1681 1682 1.260000 2 0.780000
1682 1683 1.290000 6 0.640000
1683 1684 1.370000 6 0.870000
1684 1685 1.330000 3 0.660000
1685 1686 1.340000 4 0.720000
1686 1687 1.150000 2 0.650000
1687 1688 1.290000 6 0.640000
1688 1689 1.150000 2 0.650000
1689 1690 1.340000 4 0.720000
1690 1691 1.150000 2 0.650000
1691 1692 1.110000 8 0.680000
1692 1693 1.150000 2 0.650000
1693 1694 1.290000 6 0.640000
1694 1695 1.290000 6 0.640000
1695 1696 1.290000 6 0.640000
1696 1697 1.210000 7 0.810000
1697 1698 1.210000 7 0.810000
1698 1699 1.330000 3 0.660000
1699 1700 1.200000 6 0.760000
1700 1701 1.330000 3 0.660000
1701 1702 1.390000 3 0.670000
1702 1703 1.390000 3 0.670000
1703 1704 1.390000 3 0.670000
1704 1705 1.390000 8 0.800000
1705 1706 1.390000 8 0.800000
1706 1707 1.260000 2 0.780000
1707 1708 1.210000 7 0.810000
1708 1709 1.210000 7 0.810000
1709 1710 1.210000 7 0.810000
1710 1711 1.150000 2 0.650000
1711 1712 1.330000 3 0.660000
1712 1713 1.330000 3 0.660000
1713 1714 1.150000 2 0.650000
1714 1715 1.150000 2 0.650000
1715 1716 1.150000 2 0.650000
1716 1717 1.290000 6 0.640000
1717 1718 1.280000 2 0.740000
1718 1719 1.260000 2 0.780000
1719 1720 1.290000 6 0.640000
1720 1721 1.150000 2 0.650000
1721 1722 1.340000 4 0.720000
1722 1723 1.340000 4 0.720000
1723 1724 1.150000 2 0.650000
1724 1725 1.150000 2 0.650000
1725 1726 1.150000 2 0.650000
1726 1727 1.330000 3 0.660000
1727 1728 1.280000 6 0.780000
1728 1729 1.100000 7 0.860000
1729 1730 1.260000 8 0.890000
1730 1731 1.320000 6 0.780000
1731 1732 1.320000 6 0.780000
1732 1733 1.100000 7 0.860000
1733 1734 1.260000 2 0.780000
1734 1735 1.260000 2 0.780000
1735 1736 1.260000 2 0.780000
1736 1737 1.150000 2 0.650000
1737 1738 1.330000 3 0.660000
1738 1739 1.220000 7 0.880000
1739 1740 1.330000 3 0.660000
1740 1741 1.330000 3 0.660000
1741 1742 1.150000 6 0.700000
1742 1743 1.210000 7 0.810000
1743 1744 1.260000 2 0.780000
1744 1745 1.260000 2 0.780000
1745 1746 1.330000 3 0.660000
1746 1747 1.230000 5 0.730000
1747 1748 1.260000 2 0.780000
1748 1749 1.390000 8 0.800000
1749 1750 1.330000 3 0.660000
1750 1751 1.210000 7 0.810000
1751 1752 1.260000 2 0.780000
1752 1753 1.150000 2 0.650000
1753 1754 1.150000 2 0.650000
1754 1755 1.330000 3 0.660000
1755 1756 1.260000 2 0.780000
1756 1757 1.280000 2 0.740000
1757 1758 1.260000 2 0.780000
1758 1759 1.150000 4 0.630000
1759 1760 1.260000 2 0.780000
1760 1761 1.320000 6 0.780000
1761 1762 1.260000 2 0.780000
1762 1763 1.290000 6 0.640000
1763 1764 1.330000 3 0.660000
1764 1765 1.150000 2 0.650000
1765 1766 1.150000 2 0.650000
1766 1767 1.150000 2 0.650000
1767 1768 1.150000 2 0.650000
1768 1769 1.330000 3 0.660000
1769 1770 1.150000 2 0.650000
1770 1771 1.150000 2 0.650000
1771 1772 1.150000 2 0.650000
1772 1773 1.210000 7 0.810000
1773 1774 1.210000 7 0.810000
1774 1775 1.150000 2 0.650000
1775 1776 1.150000 2 0.650000
1776 1777 1.370000 2 0.600000
1777 1778 1.320000 2 0.710000
1778 1779 1.150000 2 0.650000
1779 1780 1.150000 2 0.650000
1780 1781 1.330000 3 0.660000
1781 1782 1.150000 2 0.650000
1782 1783 1.150000 2 0.650000
1783 1784 1.260000 2 0.780000
1784 1785 1.300000 7 0.810000
1785 1786 1.260000 2 0.780000
1786 1787 1.260000 2 0.780000
1787 1788 1.260000 2 0.780000
1788 1789 1.200000 6 0.610000
1789 1790 1.290000 6 0.640000
1790 1791 1.150000 2 0.650000
1791 1792 1.160000 2 0.790000
1792 1793 1.150000 2 0.650000
1793 1794 1.150000 2 0.650000
1794 1795 1.330000 3 0.660000
1795 1796 1.150000 6 0.700000
1796 1797 1.200000 7 0.610000
1797 1798 1.200000 7 0.610000
1798 1799 1.340000 4 0.720000
1799 1800 1.260000 2 0.780000
1800 1801 1.260000 2 0.780000
1801 1802 1.150000 2 0.650000
1802 1803 1.260000 2 0.780000
1803 1804 1.260000 2 0.780000
1804 1805 1.260000 2 0.780000
1805 1806 1.330000 3 0.660000
1806 1807 1.260000 2 0.780000
1807 1808 1.150000 2 0.650000
1808 1809 1.330000 3 0.660000
1809 1810 1.150000 2 0.650000
1810 1811 1.150000 2 0.650000
1811 1812 1.330000 3 0.660000
1812 1813 1.180000 8 0.700000
1813 1814 1.150000 2 0.650000
1814 1815 1.150000 2 0.650000
1815 1816 1.110000 8 0.680000
1816 1817 1.150000 2 0.650000
1817 1818 1.150000 2 0.650000
1818 1819 1.150000 2 0.650000
1819 1820 1.120000 6 0.680000
1820 1821 1.320000 6 0.780000
1821 1822 1.320000 6 0.780000
1822 1823 1.150000 4 0.630000
1823 1824 1.150000 2 0.650000
1824 1825 1.150000 2 0.650000
1825 1826 1.110000 8 0.620000
1826 1827 1.330000 3 0.660000
1827 1828 1.200000 6 0.760000
1828 1829 1.330000 3 0.660000
1829 1830 1.150000 2 0.650000
1830 1831 1.110000 8 0.680000
1831 1832 1.100000 7 0.860000
1832 1833 1.110000 2 0.710000
1833 1834 1.330000 3 0.660000
1834 1835 1.380000 5 0.710000
1835 1836 1.260000 2 0.780000
1836 1837 1.260000 6 0.890000
1837 1838 1.210000 7 0.810000
1838 1839 1.330000 3 0.660000
1839 1840 1.210000 7 0.810000
1840 1841 1.210000 7 0.810000
1841 1842 1.330000 3 0.660000
1842 1843 1.330000 3 0.660000
1843 1844 1.150000 2 0.650000
1844 1845 1.330000 3 0.660000
1845 1846 1.330000 3 0.660000
1846 1847 1.330000 3 0.660000
1847 1848 1.330000 3 0.660000
1848 1849 1.290000 6 0.640000
1849 1850 1.150000 2 0.650000
1850 1851 1.340000 4 0.720000
1851 1852 1.260000 2 0.780000
1852 1853 1.320000 6 0.780000
1853 1854 1.320000 6 0.780000
1854 1855 1.260000 8 0.890000
1855 1856 1.290000 6 0.640000
1856 1857 1.110000 5 0.710000
1857 1858 1.260000 3 0.790000
1858 1859 1.320000 6 0.780000
1859 1860 1.330000 3 0.660000
1860 1861 1.150000 2 0.650000
1861 1862 1.330000 3 0.660000
1862 1863 1.330000 3 0.660000
1863 1864 1.390000 3 0.670000
1864 1865 1.370000 2 0.600000
1865 1866 1.260000 2 0.780000
1866 1867 1.260000 2 0.780000
1867 1868 1.150000 2 0.650000
1868 1869 1.330000 3 0.660000
1869 1870 1.330000 3 0.660000
1870 1871 1.330000 3 0.660000
1871 1872 1.330000 3 0.660000
1872 1873 1.150000 2 0.650000
1873 1874 1.150000 2 0.650000
1874 1875 1.330000 3 0.660000
1875 1876 1.150000 2 0.650000
1876 1877 1.360000 2 0.650000
1877 1878 1.110000 5 0.710000
1878 1879 1.150000 2 0.650000
1879 1880 1.150000 2 0.650000
1880 1881 1.330000 3 0.660000
1881 1882 1.330000 3 0.660000
1882 1883 1.330000 3 0.660000
1883 1884 1.150000 2 0.650000
1884 1885 1.370000 8 0.690000
1885 1886 1.260000 2 0.780000
1886 1887 1.150000 2 0.650000
1887 1888 1.260000 2 0.780000
1888 1889 1.330000 3 0.660000
1889 1890 1.330000 3 0.660000
1890 1891 1.150000 2 0.650000
1891 1892 1.150000 2 0.650000
1892 1893 1.150000 2 0.650000
1893 1894 1.150000 2 0.650000
1894 1895 1.330000 3 0.660000
1895 1896 1.330000 3 0.660000
1896 1897 1.150000 2 0.650000
1897 1898 1.260000 8 0.890000
1898 1899 1.190000 3 0.640000
1899 1900 1.110000 8 0.680000
1900 1901 1.150000 2 0.650000
1901 1902 1.290000 6 0.640000
1902 1903 1.260000 2 0.780000
1903 1904 1.290000 6 0.640000
1904 1905 1.330000 3 0.660000
1905 1906 1.330000 3 0.660000
1906 1907 1.260000 2 0.780000
1907 1908 1.260000 2 0.780000
1908 1909 1.110000 5 0.710000
1909 1910 1.150000 2 0.650000
1910 1911 1.110000 5 0.710000
1911 1912 1.320000 6 0.780000
1912 1913 1.180000 8 0.700000
1913 1914 1.110000 8 0.680000
1914 1915 1.260000 2 0.780000
1915 1916 1.260000 2 0.780000
1916 1917 1.260000 2 0.780000
1917 1918 1.360000 7 0.670000
1918 1919 1.340000 4 0.720000
1919 1920 1.260000 2 0.780000
1920 1921 1.160000 2 0.790000
1921 1922 1.160000 2 0.790000
1922 1923 1.260000 2 0.780000
1923 1924 1.160000 2 0.790000
1924 1925 1.160000 2 0.790000
1925 1926 1.310000 8 0.730000
1926 1927 1.150000 2 0.650000
1927 1928 1.150000 2 0.650000
1928 1929 1.150000 4 0.630000
1929 1930 1.180000 4 0.610000
1930 1931 1.330000 3 0.660000
1931 1932 1.160000 2 0.790000
1932 1933 1.160000 2 0.790000
1933 1934 1.160000 2 0.790000
1934 1935 1.160000 2 0.790000
1935 1936 1.150000 2 0.650000
1936 1937 1.100000 7 0.860000
1937 1938 1.150000 2 0.650000
1938 1939 1.260000 2 0.780000
1939 1940 1.260000 2 0.780000
1940 1941 1.260000 2 0.780000
1941 1942 1.260000 2 0.780000
1942 1943 1.150000 2 0.650000
1943 1944 1.150000 2 0.650000
1944 1945 1.150000 2 0.650000
1945 1946 1.340000 4 0.720000
1946 1947 1.210000 7 0.810000
1947 1948 1.150000 2 0.650000
1948 1949 1.150000 2 0.650000
1949 1950 1.180000 4 0.610000
1950 1951 1.180000 4 0.610000
1951 1952 1.330000 3 0.660000
1952 1953 1.260000 2 0.780000
1953 1954 1.260000 2 0.780000
1954 1955 1.180000 4 0.610000
1955 1956 1.290000 6 0.640000
1956 1957 1.310000 3 0.830000
1957 1958 1.180000 4 0.610000
1958 1959 1.290000 6 0.640000
1959 1960 1.290000 6 0.640000
1960 1961 1.180000 8 0.700000
1961 1962 1.260000 2 0.780000
1962 1963 1.260000 2 0.780000
1963 1964 1.330000 3 0.660000
1964 1965 1.150000 2 0.650000
1965 1966 1.290000 6 0.640000
1966 1967 1.330000 3 0.660000
1967 1968 1.210000 7 0.810000
1968 1969 1.330000 3 0.660000
1969 1970 1.150000 2 0.650000
1970 1971 1.150000 2 0.650000
1971 1972 1.250000 8 0.870000
1972 1973 1.250000 8 0.870000
1973 1974 1.100000 7 0.860000
1974 1975 1.320000 6 0.780000
1975 1976 1.260000 2 0.780000
1976 1977 1.340000 4 0.720000
1977 1978 1.330000 3 0.660000
1978 1979 1.150000 2 0.650000
1979 1980 1.150000 2 0.650000
1980 1981 1.320000 6 0.780000
1981 1982 1.150000 2 0.650000
1982 1983 1.330000 3 0.660000
1983 1984 1.330000 3 0.660000
1984 1985 1.320000 6 0.780000
1985 1986 1.260000 2 0.780000
1986 1987 1.150000 2 0.650000
1987 1988 1.150000 2 0.650000
1988 1989 1.150000 2 0.650000
1989 1990 1.150000 2 0.650000
1990 1991 1.150000 2 0.650000
1991 1992 1.150000 2 0.650000
1992 1993 1.150000 2 0.650000
1993 1994 1.150000 2 0.650000
1994 1995 1.330000 3 0.660000
1995 1996 1.330000 3 0.660000
1996 1997 1.330000 3 0.660000
1997 1998 1.330000 3 0.660000
1998 1999 1.150000 2 0.650000
1999 2000 1.150000 2 0.650000
2000 2001 1.200000 6 0.610000
2001 2002 1.330000 3 0.660000
2002 2003 1.330000 3 0.660000
2003 2004 1.330000 3 0.660000
2004 2005 1.150000 2 0.650000
2005 2006 1.150000 2 0.650000
2006 2007 1.330000 3 0.660000
2007 2008 1.150000 2 0.650000
2008 2009 1.330000 3 0.660000
2009 2010 1.330000 3 0.660000
2010 2011 1.330000 3 0.660000
2011 2012 1.310000 6 0.690000
2012 2013 1.150000 2 0.650000
2013 2014 1.150000 2 0.650000
2014 2015 1.150000 2 0.650000
2015 2016 1.150000 2 0.650000
2016 2017 1.220000 7 0.880000
2017 2018 1.220000 7 0.880000
2018 2019 1.330000 3 0.660000
2019 2020 1.330000 3 0.660000
2020 2021 1.150000 2 0.650000
2021 2022 1.150000 2 0.650000
2022 2023 1.210000 7 0.810000
2023 2024 1.180000 4 0.610000
2024 2025 1.260000 2 0.780000
2025 2026 1.260000 2 0.780000
2026 2027 1.260000 2 0.780000
2027 2028 1.260000 2 0.780000
2028 2029 1.260000 2 0.780000
2029 2030 1.260000 2 0.780000
2030 2031 1.180000 4 0.610000
2031 2032 1.260000 2 0.780000
2032 2033 1.260000 2 0.780000
2033 2034 1.370000 2 0.600000
2034 2035 1.260000 3 0.770000
2035 2036 1.260000 2 0.780000
2036 2037 1.260000 2 0.780000
2037 2038 1.260000 2 0.780000
2038 2039 1.150000 2 0.650000
2039 2040 1.300000 7 0.810000
2040 2041 1.260000 2 0.780000
2041 2042 1.260000 2 0.780000
2042 2043 1.110000 5 0.710000
2043 2044 1.300000 7 0.810000
2044 2045 1.300000 7 0.810000
2045 2046 1.300000 7 0.810000
2046 2047 1.300000 7 0.810000
2047 2048 1.260000 2 0.780000
2048 2049 1.260000 2 0.780000
2049 2050 1.110000 8 0.680000
2050 2051 1.370000 2 0.600000
2051 2052 1.260000 2 0.780000
2052 2053 1.260000 2 0.780000
2053 2054 1.260000 2 0.780000
2054 2055 1.180000 4 0.610000
2055 2056 1.150000 2 0.650000
2056 2057 1.370000 2 0.600000
2057 2058 1.150000 2 0.650000
2058 2059 1.150000 2 0.650000
2059 2060 1.110000 5 0.710000
2060 2061 1.260000 2 0.780000
2061 2062 1.330000 5 0.630000
2062 2063 1.260000 2 0.780000
2063 2064 1.210000 2 0.730000
2064 2065 1.290000 6 0.640000
2065 2066 1.210000 7 0.810000
2066 2067 1.260000 2 0.780000
2067 2068 1.180000 5 0.640000
2068 2069 1.110000 5 0.710000
2069 2070 1.210000 7 0.810000
2070 2071 1.340000 4 0.720000
2071 2072 1.330000 3 0.660000
2072 2073 1.150000 2 0.650000
2073 2074 1.260000 2 0.780000
2074 2075 1.290000 6 0.640000
2075 2076 1.330000 3 0.660000
2076 2077 1.300000 7 0.810000
2077 2078 1.260000 2 0.780000
2078 2079 1.110000 8 0.680000
2079 2080 1.260000 2 0.780000
2080 2081 1.330000 3 0.660000
2081 2082 1.260000 2 0.780000
2082 2083 1.340000 4 0.720000
2083 2084 1.260000 2 0.780000
2084 2085 1.330000 3 0.660000
2085 2086 1.150000 2 0.650000
2086 2087 1.330000 3 0.660000
2087 2088 1.290000 6 0.640000
2088 2089 1.150000 2 0.650000
2089 2090 1.150000 2 0.650000
2090 2091 1.330000 3 0.660000
2091 2092 1.330000 3 0.660000
2092 2093 1.150000 2 0.650000
2093 2094 1.150000 2 0.650000
2094 2095 1.150000 2 0.650000
2095 2096 1.150000 2 0.650000
2096 2097 1.150000 2 0.650000
2097 2098 1.360000 2 0.650000
2098 2099 1.360000 2 0.650000
2099 2100 1.330000 3 0.660000
2100 2101 1.150000 2 0.650000
2101 2102 1.200000 6 0.610000
2102 2103 1.150000 2 0.650000
2103 2104 1.330000 3 0.660000
2104 2105 1.330000 3 0.660000
2105 2106 1.150000 2 0.650000
2106 2107 1.150000 2 0.650000
2107 2108 1.150000 2 0.650000
2108 2109 1.330000 3 0.660000
2109 2110 1.110000 5 0.710000
2110 2111 1.330000 3 0.660000
2111 2112 1.200000 6 0.610000
2112 2113 1.110000 5 0.710000
2113 2114 1.330000 3 0.660000
2114 2115 1.330000 3 0.660000
2115 2116 1.150000 2 0.650000
2116 2117 1.330000 3 0.660000
2117 2118 1.200000 6 0.610000
2118 2119 1.330000 3 0.660000
2119 2120 1.110000 5 0.710000
2120 2121 1.330000 3 0.660000
2121 2122 1.330000 3 0.660000
2122 2123 1.330000 3 0.660000
2123 2124 1.330000 3 0.660000
2124 2125 1.360000 2 0.650000
2125 2126 1.360000 2 0.650000
2126 2127 1.200000 6 0.610000
2127 2128 1.200000 6 0.610000
2128 2129 1.150000 2 0.650000
2129 2130 1.200000 6 0.610000
2130 2131 1.310000 6 0.690000
2131 2132 1.340000 4 0.720000
2132 2133 1.260000 2 0.780000
2133 2134 1.260000 2 0.780000
2134 2135 1.340000 4 0.720000
2135 2136 1.390000 7 0.690000
2136 2137 1.330000 3 0.660000
2137 2138 1.330000 3 0.660000
2138 2139 1.150000 2 0.650000
2139 2140 1.290000 6 0.640000
2140 2141 1.150000 2 0.650000
2141 2142 1.150000 2 0.650000
2142 2143 1.330000 3 0.660000
2143 2144 1.150000 4 0.630000
2144 2145 1.200000 6 0.610000
2145 2146 1.150000 2 0.650000
2146 2147 1.150000 2 0.650000
2147 2148 1.330000 3 0.660000
2148 2149 1.330000 3 0.660000
2149 2150 1.150000 2 0.650000
2150 2151 1.150000 2 0.650000
2151 2152 1.110000 5 0.710000
2152 2153 1.110000 5 0.710000
2153 2154 1.260000 2 0.780000
2154 2155 1.390000 3 0.670000
2155 2156 1.200000 7 0.610000
2156 2157 1.150000 2 0.650000
2157 2158 1.200000 6 0.610000
2158 2159 1.150000 2 0.650000
2159 2160 1.150000 2 0.650000
2160 2161 1.150000 2 0.650000
2161 2162 1.330000 3 0.660000
2162 2163 1.200000 7 0.610000
2163 2164 1.150000 2 0.650000
2164 2165 1.150000 2 0.650000
2165 2166 1.150000 2 0.650000
2166 2167 1.340000 4 0.720000
2167 2168 1.340000 4 0.720000
2168 2169 1.260000 2 0.780000
2169 2170 1.330000 3 0.660000
2170 2171 1.150000 2 0.650000
2171 2172 1.110000 5 0.710000
2172 2173 1.330000 3 0.660000
