0 1 1.350000 6 0.710000
1 2 1.110000 3 0.840000
2 3 1.110000 3 0.840000
3 4 1.110000 3 0.840000
4 5 1.190000 3 0.870000
5 6 1.190000 3 0.870000
6 7 1.190000 3 0.870000
7 8 1.190000 3 0.870000
8 9 1.190000 3 0.870000
9 10 1.190000 3 0.870000
10 11 1.190000 3 0.870000
11 12 1.190000 3 0.870000
12 13 1.190000 3 0.870000
13 14 1.190000 3 0.870000
14 15 1.190000 3 0.870000
15 16 1.190000 3 0.870000
16 17 1.190000 3 0.870000
17 18 1.190000 3 0.870000
18 19 1.190000 3 0.870000
19 20 1.190000 3 0.870000
20 21 1.190000 3 0.870000
21 22 1.190000 3 0.870000
22 23 1.190000 3 0.870000
23 24 1.190000 3 0.870000
24 25 1.190000 3 0.870000
25 26 1.190000 3 0.870000
26 27 1.190000 3 0.870000
27 28 1.190000 3 0.870000
28 29 1.190000 3 0.870000
29 30 1.190000 3 0.870000
30 31 1.190000 3 0.870000
31 32 1.190000 3 0.870000
32 33 1.360000 4 0.840000
33 34 1.190000 3 0.870000
34 35 1.190000 3 0.870000
35 36 1.190000 3 0.870000
36 37 1.190000 3 0.870000
37 38 1.190000 3 0.870000
38 39 1.190000 3 0.870000
39 40 1.190000 3 0.870000
40 41 1.190000 3 0.870000
41 42 1.190000 3 0.870000
42 43 1.190000 3 0.870000
43 44 1.190000 3 0.870000
44 45 1.190000 3 0.870000
45 46 1.190000 3 0.870000
46 47 1.360000 4 0.840000
47 48 1.360000 4 0.840000
48 49 1.360000 4 0.840000
49 50 1.360000 4 0.840000
50 51 1.360000 4 0.840000
51 52 1.360000 4 0.840000
52 53 1.190000 3 0.870000
53 54 1.120000 5 0.660000
54 55 1.360000 4 0.840000
55 56 1.360000 4 0.840000
56 57 1.330000 7 0.610000
57 58 1.360000 4 0.840000
58 59 1.330000 2 0.710000
59 60 1.190000 3 0.870000
60 61 1.190000 3 0.870000
61 62 1.190000 3 0.870000
62 63 1.110000 3 0.840000
63 64 1.120000 5 0.660000
64 65 1.190000 3 0.870000
65 66 1.390000 3 0.800000
66 67 1.260000 6 0.730000
67 68 1.190000 3 0.870000
68 69 1.190000 3 0.870000
69 70 1.190000 3 0.870000
70 71 1.110000 3 0.840000
71 72 1.310000 3 0.690000
72 73 1.190000 3 0.870000
73 74 1.240000 2 0.820000
74 75 1.390000 3 0.800000
75 76 1.350000 6 0.710000
76 77 1.310000 3 0.690000
77 78 1.270000 4 0.620000
78 79 1.390000 3 0.800000
79 80 1.120000 7 0.740000
80 81 1.370000 5 0.730000
81 82 1.270000 4 0.890000
82 83 1.370000 7 0.770000
83 84 1.120000 7 0.740000
84 85 1.290000 8 0.790000
85 86 1.350000 3 0.720000
86 87 1.310000 3 0.690000
87 88 1.190000 3 0.870000
88 89 1.220000 2 0.670000
89 90 1.190000 3 0.870000
90 91 1.200000 6 0.670000
91 92 1.390000 3 0.800000
92 93 1.190000 3 0.870000
93 94 1.110000 3 0.840000
94 95 1.330000 7 0.610000
95 96 1.110000 3 0.840000
96 97 1.310000 8 0.790000
97 98 1.260000 6 0.730000
98 99 1.190000 3 0.870000
99 100 1.360000 4 0.840000
100 101 1.120000 5 0.660000
101 102 1.190000 3 0.870000
102 103 1.380000 6 0.750000
103 104 1.330000 6 0.860000
104 105 1.360000 4 0.840000
105 106 1.340000 8 0.610000
106 107 1.190000 3 0.870000
107 108 1.190000 3 0.870000
108 109 1.340000 8 0.610000
109 110 1.340000 8 0.610000
110 111 1.360000 4 0.840000
111 112 1.190000 3 0.870000
112 113 1.190000 3 0.870000
113 114 1.190000 3 0.870000
114 115 1.340000 8 0.610000
115 116 1.190000 3 0.870000
116 117 1.120000 2 0.770000
117 118 1.270000 4 0.620000
118 119 1.190000 3 0.870000
119 120 1.260000 6 0.670000
120 121 1.370000 5 0.730000
121 122 1.270000 4 0.620000
122 123 1.360000 4 0.840000
123 124 1.360000 4 0.840000
124 125 1.360000 4 0.840000
125 126 1.180000 4 0.810000
126 127 1.360000 4 0.840000
127 128 1.280000 4 0.640000
128 129 1.190000 3 0.870000
129 130 1.190000 5 0.670000
130 131 1.260000 6 0.670000
131 132 1.260000 6 0.670000
132 133 1.260000 6 0.670000
133 134 1.230000 7 0.610000
134 135 1.330000 8 0.810000
135 136 1.330000 8 0.810000
136 137 1.110000 3 0.840000
137 138 1.100000 3 0.880000
138 139 1.370000 6 0.610000
139 140 1.110000 3 0.840000
140 141 1.100000 3 0.880000
141 142 1.110000 3 0.840000
142 143 1.160000 6 0.820000
143 144 1.230000 6 0.600000
144 145 1.140000 6 0.860000
145 146 1.140000 6 0.860000
146 147 1.270000 4 0.890000
147 148 1.280000 4 0.640000
148 149 1.110000 3 0.840000
149 150 1.280000 4 0.640000
150 151 1.180000 8 0.710000
151 152 1.270000 4 0.890000
152 153 1.110000 6 0.660000
153 154 1.130000 8 0.840000
154 155 1.120000 5 0.660000
155 156 1.330000 7 0.740000
156 157 1.230000 7 0.610000
157 158 1.360000 4 0.840000
158 159 1.330000 7 0.740000
159 160 1.220000 2 0.830000
160 161 1.120000 5 0.660000
161 162 1.330000 7 0.610000
162 163 1.220000 2 0.830000
163 164 1.310000 3 0.690000
164 165 1.390000 3 0.800000
165 166 1.120000 6 0.680000
166 167 1.390000 3 0.800000
167 168 1.150000 4 0.880000
168 169 1.150000 6 0.680000
169 170 1.130000 2 0.810000
170 171 1.110000 3 0.840000
171 172 1.330000 3 0.810000
172 173 1.330000 3 0.810000
173 174 1.120000 7 0.740000
174 175 1.190000 3 0.870000
175 176 1.190000 3 0.870000
176 177 1.190000 3 0.870000
177 178 1.190000 3 0.870000
178 179 1.250000 6 0.870000
179 180 1.190000 3 0.870000
180 181 1.190000 5 0.730000
181 182 1.350000 7 0.670000
182 183 1.190000 5 0.730000
183 184 1.220000 6 0.890000
184 185 1.370000 5 0.730000
185 186 1.190000 5 0.730000
186 187 1.150000 5 0.760000
187 188 1.150000 5 0.760000
188 189 1.370000 5 0.730000
189 190 1.390000 6 0.870000
190 191 1.190000 3 0.870000
191 192 1.270000 4 0.800000
192 193 1.390000 6 0.870000
193 194 1.360000 3 0.830000
194 195 1.220000 2 0.830000
195 196 1.390000 3 0.800000
196 197 1.330000 7 0.740000
197 198 1.190000 5 0.730000
198 199 1.190000 3 0.870000
199 200 1.190000 3 0.870000
200 201 1.340000 8 0.610000
201 202 1.220000 2 0.670000
202 203 1.190000 3 0.870000
203 204 1.190000 3 0.870000
204 205 1.190000 3 0.870000
205 206 1.190000 3 0.870000
206 207 1.190000 6 0.600000
207 208 1.270000 4 0.890000
208 209 1.270000 4 0.890000
209 210 1.270000 4 0.890000
210 211 1.190000 3 0.870000
211 212 1.250000 6 0.700000
212 213 1.360000 4 0.840000
213 214 1.190000 3 0.870000
214 215 1.350000 2 0.620000
215 216 1.360000 4 0.840000
216 217 1.360000 4 0.840000
217 218 1.350000 2 0.620000
218 219 1.360000 4 0.840000
219 220 1.190000 3 0.870000
220 221 1.190000 3 0.870000
221 222 1.340000 8 0.610000
222 223 1.360000 4 0.840000
223 224 1.360000 4 0.840000
224 225 1.110000 3 0.840000
225 226 1.190000 3 0.870000
226 227 1.120000 5 0.660000
227 228 1.200000 2 0.690000
228 229 1.110000 3 0.840000
229 230 1.360000 3 0.830000
230 231 1.390000 3 0.800000
231 232 1.340000 8 0.610000
232 233 1.190000 3 0.870000
233 234 1.340000 8 0.610000
234 235 1.340000 8 0.610000
235 236 1.340000 8 0.610000
236 237 1.340000 8 0.610000
237 238 1.360000 4 0.840000
238 239 1.370000 8 0.830000
239 240 1.340000 8 0.610000
240 241 1.360000 4 0.840000
241 242 1.360000 4 0.840000
242 243 1.360000 4 0.840000
243 244 1.190000 3 0.870000
244 245 1.190000 3 0.870000
245 246 1.360000 4 0.840000
246 247 1.360000 4 0.840000
247 248 1.360000 4 0.840000
248 249 1.360000 4 0.840000
249 250 1.360000 4 0.840000
250 251 1.360000 4 0.840000
251 252 1.360000 4 0.840000
252 253 1.220000 2 0.670000
253 254 1.220000 2 0.830000
254 255 1.190000 3 0.870000
255 256 1.190000 3 0.870000
256 257 1.350000 2 0.620000
257 258 1.250000 6 0.870000
258 259 1.110000 3 0.840000
259 260 1.340000 8 0.610000
260 261 1.340000 8 0.610000
261 262 1.390000 3 0.800000
262 263 1.390000 3 0.800000
263 264 1.150000 6 0.680000
264 265 1.390000 3 0.800000
265 266 1.310000 3 0.690000
266 267 1.310000 3 0.690000
267 268 1.310000 3 0.690000
268 269 1.190000 3 0.870000
269 270 1.190000 3 0.870000
270 271 1.270000 4 0.890000
271 272 1.190000 3 0.870000
272 273 1.190000 3 0.870000
273 274 1.190000 3 0.870000
274 275 1.190000 3 0.870000
275 276 1.360000 4 0.840000
276 277 1.360000 4 0.840000
277 278 1.350000 2 0.620000
278 279 1.270000 4 0.890000
279 280 1.270000 4 0.890000
280 281 1.360000 4 0.840000
281 282 1.360000 4 0.840000
282 283 1.360000 4 0.840000
283 284 1.360000 4 0.840000
284 285 1.120000 5 0.660000
285 286 1.360000 4 0.840000
286 287 1.360000 4 0.840000
287 288 1.190000 5 0.670000
288 289 1.250000 6 0.700000
289 290 1.250000 6 0.700000
290 291 1.120000 5 0.660000
291 292 1.360000 4 0.840000
292 293 1.360000 4 0.840000
293 294 1.340000 8 0.610000
294 295 1.260000 6 0.670000
295 296 1.360000 3 0.830000
296 297 1.390000 6 0.870000
297 298 1.190000 3 0.870000
298 299 1.190000 3 0.870000
299 300 1.390000 3 0.800000
300 301 1.310000 3 0.690000
301 302 1.310000 3 0.690000
302 303 1.260000 6 0.730000
303 304 1.310000 3 0.690000
304 305 1.310000 3 0.690000
305 306 1.350000 3 0.720000
306 307 1.280000 4 0.640000
307 308 1.390000 6 0.870000
308 309 1.310000 7 0.650000
309 310 1.190000 3 0.870000
310 311 1.190000 3 0.870000
311 312 1.310000 3 0.690000
312 313 1.190000 5 0.730000
313 314 1.120000 6 0.680000
314 315 1.340000 8 0.610000
315 316 1.390000 3 0.800000
316 317 1.130000 2 0.810000
317 318 1.340000 8 0.610000
318 319 1.340000 8 0.610000
319 320 1.310000 3 0.690000
320 321 1.310000 3 0.690000
321 322 1.390000 6 0.870000
322 323 1.350000 6 0.710000
323 324 1.330000 6 0.860000
324 325 1.260000 6 0.730000
325 326 1.340000 8 0.610000
326 327 1.340000 8 0.610000
327 328 1.330000 7 0.610000
328 329 1.350000 3 0.720000
329 330 1.190000 3 0.870000
330 331 1.190000 5 0.730000
331 332 1.110000 6 0.660000
332 333 1.390000 3 0.800000
333 334 1.270000 4 0.890000
334 335 1.190000 3 0.870000
335 336 1.310000 3 0.690000
336 337 1.310000 3 0.690000
337 338 1.310000 3 0.690000
338 339 1.310000 2 0.620000
339 340 1.260000 6 0.730000
340 341 1.190000 3 0.870000
341 342 1.360000 4 0.840000
342 343 1.190000 3 0.870000
343 344 1.190000 3 0.870000
344 345 1.190000 3 0.870000
345 346 1.340000 8 0.610000
346 347 1.340000 8 0.610000
347 348 1.190000 3 0.870000
348 349 1.340000 8 0.610000
349 350 1.390000 3 0.800000
350 351 1.270000 4 0.620000
351 352 1.340000 8 0.610000
352 353 1.310000 2 0.620000
353 354 1.310000 2 0.620000
354 355 1.110000 6 0.660000
355 356 1.190000 3 0.870000
356 357 1.310000 3 0.690000
357 358 1.310000 3 0.690000
358 359 1.120000 5 0.660000
359 360 1.100000 2 0.640000
360 361 1.340000 8 0.610000
361 362 1.370000 7 0.770000
362 363 1.310000 3 0.690000
363 364 1.310000 3 0.690000
364 365 1.180000 6 0.840000
365 366 1.350000 3 0.720000
366 367 1.220000 6 0.890000
367 368 1.260000 6 0.670000
368 369 1.190000 3 0.870000
369 370 1.110000 8 0.730000
370 371 1.110000 6 0.660000
371 372 1.200000 2 0.620000
372 373 1.310000 2 0.620000
373 374 1.110000 6 0.660000
374 375 1.390000 6 0.870000
375 376 1.350000 7 0.670000
376 377 1.310000 3 0.690000
377 378 1.360000 4 0.840000
378 379 1.340000 8 0.610000
379 380 1.110000 6 0.660000
380 381 1.220000 8 0.650000
381 382 1.340000 8 0.610000
382 383 1.380000 6 0.600000
383 384 1.280000 4 0.640000
384 385 1.340000 8 0.610000
385 386 1.380000 6 0.600000
386 387 1.380000 6 0.600000
387 388 1.110000 3 0.840000
388 389 1.190000 3 0.870000
389 390 1.310000 3 0.690000
390 391 1.310000 3 0.690000
391 392 1.310000 3 0.690000
392 393 1.190000 3 0.870000
393 394 1.350000 2 0.620000
394 395 1.350000 6 0.710000
395 396 1.270000 4 0.870000
396 397 1.330000 7 0.740000
397 398 1.380000 6 0.600000
398 399 1.180000 6 0.840000
399 400 1.190000 3 0.870000
400 401 1.250000 6 0.870000
401 402 1.110000 6 0.660000
402 403 1.310000 3 0.690000
403 404 1.110000 3 0.840000
404 405 1.190000 3 0.870000
405 406 1.340000 8 0.610000
406 407 1.190000 3 0.870000
407 408 1.280000 4 0.640000
408 409 1.350000 7 0.670000
409 410 1.110000 6 0.660000
410 411 1.360000 4 0.840000
411 412 1.340000 8 0.610000
412 413 1.340000 8 0.610000
413 414 1.360000 4 0.840000
414 415 1.350000 2 0.620000
415 416 1.360000 4 0.840000
416 417 1.220000 2 0.830000
417 418 1.190000 3 0.870000
418 419 1.110000 8 0.730000
419 420 1.350000 3 0.720000
420 421 1.390000 7 0.840000
421 422 1.350000 3 0.720000
422 423 1.120000 7 0.740000
423 424 1.390000 3 0.800000
424 425 1.340000 3 0.640000
425 426 1.260000 6 0.670000
426 427 1.260000 6 0.670000
427 428 1.310000 3 0.690000
428 429 1.110000 6 0.660000
429 430 1.260000 6 0.730000
430 431 1.340000 8 0.610000
431 432 1.340000 8 0.610000
432 433 1.110000 6 0.660000
433 434 1.340000 8 0.610000
434 435 1.340000 8 0.610000
435 436 1.340000 8 0.610000
436 437 1.340000 8 0.610000
437 438 1.340000 8 0.610000
438 439 1.190000 3 0.870000
439 440 1.190000 3 0.870000
440 441 1.190000 3 0.870000
441 442 1.330000 2 0.850000
442 443 1.310000 3 0.690000
443 444 1.250000 6 0.870000
444 445 1.250000 6 0.870000
445 446 1.250000 6 0.870000
446 447 1.310000 2 0.620000
447 448 1.110000 8 0.730000
448 449 1.190000 3 0.870000
449 450 1.310000 2 0.620000
450 451 1.350000 6 0.710000
451 452 1.260000 6 0.730000
452 453 1.340000 8 0.610000
453 454 1.340000 8 0.610000
454 455 1.340000 8 0.610000
455 456 1.190000 3 0.870000
456 457 1.340000 8 0.610000
457 458 1.360000 4 0.840000
458 459 1.190000 3 0.870000
459 460 1.190000 3 0.870000
460 461 1.190000 3 0.870000
461 462 1.360000 3 0.830000
462 463 1.190000 3 0.870000
463 464 1.190000 3 0.870000
464 465 1.330000 6 0.860000
465 466 1.360000 4 0.840000
466 467 1.360000 4 0.840000
467 468 1.190000 3 0.870000
468 469 1.350000 6 0.710000
469 470 1.180000 6 0.840000
470 471 1.350000 2 0.620000
471 472 1.350000 6 0.710000
472 473 1.340000 8 0.610000
473 474 1.270000 4 0.890000
474 475 1.190000 3 0.870000
475 476 1.190000 3 0.870000
476 477 1.310000 2 0.620000
477 478 1.120000 7 0.740000
478 479 1.310000 3 0.690000
479 480 1.320000 4 0.620000
480 481 1.310000 3 0.690000
481 482 1.260000 6 0.730000
482 483 1.310000 2 0.620000
483 484 1.140000 6 0.690000
484 485 1.190000 3 0.870000
485 486 1.190000 3 0.870000
486 487 1.190000 3 0.870000
487 488 1.190000 3 0.870000
488 489 1.200000 2 0.690000
489 490 1.350000 2 0.620000
490 491 1.190000 3 0.870000
491 492 1.110000 3 0.840000
492 493 1.110000 3 0.840000
493 494 1.200000 2 0.690000
494 495 1.330000 6 0.860000
495 496 1.110000 3 0.840000
496 497 1.370000 2 0.690000
497 498 1.270000 4 0.870000
498 499 1.190000 3 0.870000
499 500 1.190000 3 0.870000
500 501 1.340000 8 0.610000
501 502 1.110000 3 0.840000
502 503 1.360000 4 0.840000
503 504 1.190000 3 0.870000
504 505 1.190000 3 0.870000
505 506 1.360000 4 0.840000
506 507 1.360000 4 0.840000
507 508 1.110000 6 0.660000
508 509 1.360000 4 0.840000
509 510 1.360000 4 0.840000
510 511 1.360000 4 0.840000
511 512 1.230000 7 0.610000
512 513 1.260000 6 0.670000
513 514 1.260000 6 0.670000
514 515 1.360000 4 0.840000
515 516 1.100000 8 0.610000
516 517 1.190000 5 0.670000
517 518 1.360000 4 0.840000
518 519 1.360000 4 0.840000
519 520 1.320000 3 0.660000
520 521 1.360000 4 0.840000
521 522 1.360000 4 0.840000
522 523 1.360000 4 0.840000
523 524 1.120000 5 0.660000
524 525 1.200000 2 0.620000
525 526 1.360000 4 0.840000
526 527 1.260000 6 0.670000
527 528 1.310000 3 0.690000
528 529 1.110000 6 0.660000
529 530 1.270000 4 0.890000
530 531 1.270000 4 0.890000
531 532 1.110000 6 0.660000
532 533 1.340000 8 0.610000
533 534 1.360000 4 0.840000
534 535 1.360000 4 0.840000
535 536 1.340000 8 0.610000
536 537 1.190000 3 0.870000
537 538 1.340000 8 0.610000
538 539 1.340000 8 0.610000
539 540 1.310000 8 0.790000
540 541 1.340000 8 0.610000
541 542 1.340000 8 0.610000
542 543 1.280000 4 0.640000
543 544 1.320000 6 0.670000
544 545 1.120000 5 0.660000
545 546 1.340000 8 0.610000
546 547 1.340000 8 0.610000
547 548 1.340000 8 0.610000
548 549 1.120000 7 0.740000
549 550 1.280000 4 0.640000
550 551 1.120000 5 0.660000
551 552 1.340000 8 0.610000
552 553 1.340000 8 0.610000
553 554 1.190000 3 0.870000
554 555 1.190000 3 0.870000
555 556 1.370000 2 0.630000
556 557 1.220000 2 0.600000
557 558 1.390000 3 0.800000
558 559 1.390000 3 0.800000
559 560 1.130000 2 0.810000
560 561 1.130000 2 0.810000
561 562 1.130000 2 0.810000
562 563 1.130000 2 0.810000
563 564 1.320000 3 0.690000
564 565 1.190000 5 0.730000
565 566 1.120000 7 0.740000
566 567 1.390000 3 0.800000
567 568 1.310000 3 0.690000
568 569 1.190000 3 0.870000
569 570 1.360000 3 0.830000
570 571 1.190000 3 0.870000
571 572 1.160000 7 0.850000
572 573 1.110000 3 0.840000
573 574 1.340000 8 0.610000
574 575 1.120000 5 0.660000
575 576 1.110000 3 0.840000
576 577 1.190000 3 0.870000
577 578 1.320000 5 0.890000
578 579 1.120000 7 0.740000
579 580 1.320000 5 0.890000
580 581 1.350000 3 0.720000
581 582 1.340000 8 0.610000
582 583 1.250000 3 0.890000
583 584 1.340000 8 0.610000
584 585 1.390000 3 0.800000
585 586 1.390000 3 0.800000
586 587 1.140000 6 0.690000
587 588 1.130000 4 0.610000
588 589 1.130000 4 0.610000
589 590 1.360000 4 0.840000
590 591 1.360000 4 0.840000
591 592 1.350000 2 0.620000
592 593 1.340000 3 0.860000
593 594 1.260000 6 0.830000
594 595 1.250000 6 0.870000
595 596 1.340000 8 0.610000
596 597 1.340000 8 0.610000
597 598 1.110000 6 0.660000
598 599 1.350000 2 0.620000
599 600 1.130000 4 0.610000
600 601 1.250000 6 0.870000
601 602 1.230000 2 0.850000
602 603 1.110000 3 0.840000
603 604 1.220000 8 0.650000
604 605 1.370000 5 0.730000
605 606 1.250000 6 0.720000
606 607 1.360000 4 0.840000
607 608 1.190000 6 0.600000
608 609 1.370000 5 0.730000
609 610 1.110000 6 0.660000
610 611 1.190000 6 0.600000
611 612 1.110000 6 0.660000
612 613 1.260000 6 0.670000
613 614 1.360000 4 0.840000
614 615 1.190000 6 0.600000
615 616 1.110000 3 0.840000
616 617 1.190000 5 0.730000
617 618 1.350000 2 0.620000
618 619 1.350000 4 0.840000
619 620 1.270000 7 0.860000
620 621 1.320000 7 0.620000
621 622 1.190000 5 0.670000
622 623 1.260000 6 0.830000
623 624 1.340000 8 0.610000
624 625 1.190000 3 0.870000
625 626 1.190000 3 0.790000
626 627 1.350000 2 0.620000
627 628 1.120000 7 0.740000
628 629 1.370000 7 0.770000
629 630 1.310000 7 0.650000
630 631 1.250000 6 0.870000
631 632 1.200000 3 0.800000
632 633 1.270000 4 0.620000
633 634 1.190000 5 0.670000
634 635 1.360000 4 0.840000
635 636 1.260000 6 0.670000
636 637 1.360000 4 0.840000
637 638 1.350000 6 0.710000
638 639 1.350000 6 0.710000
639 640 1.100000 3 0.880000
640 641 1.370000 7 0.770000
641 642 1.360000 4 0.840000
642 643 1.190000 3 0.870000
643 644 1.190000 3 0.870000
644 645 1.340000 8 0.610000
645 646 1.350000 7 0.670000
646 647 1.340000 8 0.610000
647 648 1.340000 8 0.610000
648 649 1.340000 4 0.700000
649 650 1.360000 4 0.840000
650 651 1.190000 3 0.870000
651 652 1.340000 8 0.610000
652 653 1.340000 8 0.610000
653 654 1.210000 7 0.700000
654 655 1.340000 8 0.610000
655 656 1.120000 5 0.660000
656 657 1.190000 3 0.870000
657 658 1.390000 3 0.800000
658 659 1.160000 6 0.820000
659 660 1.310000 8 0.790000
660 661 1.190000 6 0.600000
661 662 1.340000 4 0.700000
662 663 1.340000 8 0.610000
663 664 1.110000 6 0.660000
664 665 1.250000 6 0.720000
665 666 1.330000 8 0.810000
666 667 1.110000 6 0.660000
667 668 1.350000 6 0.710000
668 669 1.360000 4 0.840000
669 670 1.190000 3 0.870000
670 671 1.340000 8 0.610000
671 672 1.360000 4 0.840000
672 673 1.380000 6 0.750000
673 674 1.380000 4 0.690000
674 675 1.350000 6 0.710000
675 676 1.190000 3 0.790000
676 677 1.110000 3 0.840000
677 678 1.250000 6 0.700000
678 679 1.360000 4 0.840000
679 680 1.110000 3 0.840000
680 681 1.360000 4 0.840000
681 682 1.270000 4 0.890000
682 683 1.100000 3 0.880000
683 684 1.260000 6 0.670000
684 685 1.130000 6 0.630000
685 686 1.250000 6 0.700000
686 687 1.160000 2 0.870000
687 688 1.360000 4 0.840000
688 689 1.360000 4 0.840000
689 690 1.360000 4 0.840000
690 691 1.350000 4 0.840000
691 692 1.350000 4 0.840000
692 693 1.340000 8 0.610000
693 694 1.260000 6 0.670000
694 695 1.260000 6 0.830000
695 696 1.100000 5 0.670000
696 697 1.310000 8 0.790000
697 698 1.330000 6 0.860000
698 699 1.360000 4 0.840000
699 700 1.360000 4 0.840000
700 701 1.100000 3 0.880000
701 702 1.100000 3 0.880000
702 703 1.230000 8 0.800000
703 704 1.320000 8 0.840000
704 705 1.190000 3 0.790000
705 706 1.190000 3 0.790000
706 707 1.190000 3 0.790000
707 708 1.110000 3 0.840000
708 709 1.350000 3 0.760000
709 710 1.250000 6 0.700000
710 711 1.370000 8 0.830000
711 712 1.250000 6 0.700000
712 713 1.250000 6 0.700000
713 714 1.350000 6 0.710000
714 715 1.360000 4 0.840000
715 716 1.250000 6 0.700000
716 717 1.340000 5 0.650000
717 718 1.190000 5 0.670000
718 719 1.350000 6 0.710000
719 720 1.250000 6 0.700000
720 721 1.190000 5 0.670000
721 722 1.100000 3 0.880000
722 723 1.270000 4 0.870000
723 724 1.190000 3 0.790000
724 725 1.270000 4 0.870000
725 726 1.360000 4 0.840000
726 727 1.360000 4 0.840000
727 728 1.200000 3 0.800000
728 729 1.190000 3 0.870000
729 730 1.190000 5 0.730000
730 731 1.250000 4 0.730000
731 732 1.340000 8 0.610000
732 733 1.350000 6 0.710000
733 734 1.290000 3 0.790000
734 735 1.340000 8 0.610000
735 736 1.110000 3 0.840000
736 737 1.120000 5 0.660000
737 738 1.340000 8 0.610000
738 739 1.190000 5 0.670000
739 740 1.340000 8 0.610000
740 741 1.340000 8 0.610000
741 742 1.220000 2 0.600000
742 743 1.310000 3 0.690000
743 744 1.390000 3 0.800000
744 745 1.390000 3 0.800000
745 746 1.350000 3 0.720000
746 747 1.220000 6 0.890000
747 748 1.390000 3 0.800000
748 749 1.330000 3 0.780000
749 750 1.300000 8 0.670000
750 751 1.330000 8 0.810000
751 752 1.350000 3 0.720000
752 753 1.220000 6 0.890000
753 754 1.310000 8 0.790000
754 755 1.390000 3 0.800000
755 756 1.310000 8 0.790000
756 757 1.370000 5 0.730000
757 758 1.360000 4 0.840000
758 759 1.360000 4 0.840000
759 760 1.260000 6 0.670000
760 761 1.350000 2 0.620000
761 762 1.310000 8 0.790000
762 763 1.310000 8 0.790000
763 764 1.190000 3 0.870000
764 765 1.200000 2 0.620000
765 766 1.350000 6 0.710000
766 767 1.270000 4 0.620000
767 768 1.270000 4 0.620000
768 769 1.270000 4 0.620000
769 770 1.340000 8 0.610000
770 771 1.340000 8 0.610000
771 772 1.350000 6 0.710000
772 773 1.350000 6 0.710000
773 774 1.190000 5 0.670000
774 775 1.110000 6 0.660000
775 776 1.270000 4 0.890000
776 777 1.340000 8 0.610000
777 778 1.340000 8 0.610000
778 779 1.340000 8 0.610000
779 780 1.110000 8 0.730000
780 781 1.360000 4 0.840000
781 782 1.360000 4 0.840000
782 783 1.360000 4 0.840000
783 784 1.120000 7 0.740000
784 785 1.190000 3 0.790000
785 786 1.100000 3 0.880000
786 787 1.210000 8 0.870000
787 788 1.360000 4 0.840000
788 789 1.250000 6 0.870000
789 790 1.360000 4 0.840000
790 791 1.110000 6 0.660000
791 792 1.340000 8 0.610000
792 793 1.120000 5 0.660000
793 794 1.250000 6 0.870000
794 795 1.360000 4 0.840000
795 796 1.390000 3 0.800000
796 797 1.340000 8 0.610000
797 798 1.280000 4 0.640000
798 799 1.250000 6 0.870000
799 800 1.250000 6 0.870000
800 801 1.120000 5 0.660000
801 802 1.110000 6 0.660000
802 803 1.340000 8 0.610000
803 804 1.120000 5 0.660000
804 805 1.190000 6 0.600000
805 806 1.270000 4 0.890000
806 807 1.170000 4 0.620000
807 808 1.330000 6 0.860000
808 809 1.370000 2 0.880000
809 810 1.350000 2 0.620000
810 811 1.270000 4 0.890000
811 812 1.190000 3 0.870000
812 813 1.360000 3 0.830000
813 814 1.190000 3 0.870000
814 815 1.190000 3 0.870000
815 816 1.270000 4 0.620000
816 817 1.350000 7 0.670000
817 818 1.360000 4 0.840000
818 819 1.340000 8 0.610000
819 820 1.340000 8 0.610000
820 821 1.340000 8 0.610000
821 822 1.350000 6 0.710000
822 823 1.350000 6 0.710000
823 824 1.360000 4 0.840000
824 825 1.360000 4 0.840000
825 826 1.280000 2 0.820000
826 827 1.100000 3 0.880000
827 828 1.350000 6 0.710000
828 829 1.350000 6 0.710000
829 830 1.380000 6 0.750000
830 831 1.350000 2 0.620000
831 832 1.200000 3 0.800000
832 833 1.190000 5 0.670000
833 834 1.250000 6 0.700000
834 835 1.190000 3 0.870000
835 836 1.190000 5 0.670000
836 837 1.350000 6 0.710000
837 838 1.350000 6 0.710000
838 839 1.200000 3 0.800000
839 840 1.350000 6 0.710000
840 841 1.380000 4 0.690000
841 842 1.350000 6 0.710000
842 843 1.350000 6 0.710000
843 844 1.220000 2 0.600000
844 845 1.350000 6 0.710000
845 846 1.250000 6 0.700000
846 847 1.100000 8 0.610000
847 848 1.190000 5 0.670000
848 849 1.190000 5 0.670000
849 850 1.190000 5 0.670000
850 851 1.190000 5 0.670000
851 852 1.350000 6 0.710000
852 853 1.190000 5 0.670000
853 854 1.350000 6 0.710000
854 855 1.250000 6 0.700000
855 856 1.250000 6 0.700000
856 857 1.200000 3 0.800000
857 858 1.310000 3 0.600000
858 859 1.350000 6 0.710000
859 860 1.250000 6 0.700000
860 861 1.350000 6 0.710000
861 862 1.110000 3 0.840000
862 863 1.320000 3 0.610000
863 864 1.210000 8 0.600000
864 865 1.210000 8 0.600000
865 866 1.210000 8 0.600000
866 867 1.250000 6 0.700000
867 868 1.250000 6 0.700000
868 869 1.360000 4 0.840000
869 870 1.100000 3 0.880000
870 871 1.360000 4 0.840000
871 872 1.100000 3 0.880000
872 873 1.320000 3 0.660000
873 874 1.360000 4 0.840000
874 875 1.250000 6 0.700000
875 876 1.370000 8 0.830000
876 877 1.320000 3 0.660000
877 878 1.190000 3 0.870000
878 879 1.190000 3 0.870000
879 880 1.330000 8 0.810000
880 881 1.250000 4 0.730000
881 882 1.290000 8 0.790000
882 883 1.190000 5 0.670000
883 884 1.100000 3 0.880000
884 885 1.340000 8 0.610000
885 886 1.270000 4 0.620000
886 887 1.270000 4 0.620000
887 888 1.140000 6 0.690000
888 889 1.280000 4 0.640000
889 890 1.270000 4 0.620000
890 891 1.250000 6 0.700000
891 892 1.360000 4 0.840000
892 893 1.360000 4 0.840000
893 894 1.340000 8 0.610000
894 895 1.340000 8 0.610000
895 896 1.340000 8 0.610000
896 897 1.340000 8 0.610000
897 898 1.340000 8 0.610000
898 899 1.340000 8 0.610000
899 900 1.360000 4 0.840000
900 901 1.130000 4 0.610000
901 902 1.360000 4 0.840000
902 903 1.190000 3 0.870000
903 904 1.340000 8 0.610000
904 905 1.270000 4 0.890000
905 906 1.360000 4 0.840000
906 907 1.350000 7 0.670000
907 908 1.350000 7 0.670000
908 909 1.350000 7 0.670000
909 910 1.110000 3 0.840000
910 911 1.250000 6 0.720000
911 912 1.270000 6 0.890000
912 913 1.350000 4 0.840000
913 914 1.390000 3 0.800000
914 915 1.130000 2 0.810000
915 916 1.390000 3 0.800000
916 917 1.310000 3 0.690000
917 918 1.110000 3 0.760000
918 919 1.380000 2 0.820000
919 920 1.310000 7 0.650000
920 921 1.390000 3 0.800000
921 922 1.220000 2 0.600000
922 923 1.390000 3 0.800000
923 924 1.390000 3 0.800000
924 925 1.150000 7 0.700000
925 926 1.190000 3 0.870000
926 927 1.340000 8 0.610000
927 928 1.340000 8 0.610000
928 929 1.180000 4 0.810000
929 930 1.280000 4 0.640000
930 931 1.270000 6 0.890000
931 932 1.390000 3 0.800000
932 933 1.270000 4 0.890000
933 934 1.390000 3 0.800000
934 935 1.360000 5 0.810000
935 936 1.190000 5 0.730000
936 937 1.340000 8 0.610000
937 938 1.340000 8 0.610000
938 939 1.120000 5 0.660000
939 940 1.270000 4 0.890000
940 941 1.360000 4 0.840000
941 942 1.340000 8 0.610000
942 943 1.120000 7 0.740000
943 944 1.350000 3 0.720000
944 945 1.190000 6 0.600000
945 946 1.190000 6 0.600000
946 947 1.340000 8 0.610000
947 948 1.340000 8 0.610000
948 949 1.350000 3 0.720000
949 950 1.340000 4 0.700000
950 951 1.360000 4 0.840000
951 952 1.360000 4 0.840000
952 953 1.270000 4 0.890000
953 954 1.270000 4 0.890000
954 955 1.360000 4 0.840000
955 956 1.360000 4 0.840000
956 957 1.360000 4 0.840000
957 958 1.130000 4 0.610000
958 959 1.350000 3 0.720000
959 960 1.190000 3 0.870000
960 961 1.280000 4 0.640000
961 962 1.190000 5 0.730000
962 963 1.390000 3 0.800000
963 964 1.390000 3 0.800000
964 965 1.390000 3 0.800000
965 966 1.340000 3 0.860000
966 967 1.390000 3 0.800000
967 968 1.390000 3 0.800000
968 969 1.390000 3 0.800000
969 970 1.360000 4 0.840000
970 971 1.190000 6 0.600000
971 972 1.260000 6 0.670000
972 973 1.360000 4 0.840000
973 974 1.360000 4 0.840000
974 975 1.340000 8 0.610000
975 976 1.250000 6 0.720000
976 977 1.190000 5 0.730000
977 978 1.100000 3 0.880000
978 979 1.360000 4 0.840000
979 980 1.350000 2 0.750000
980 981 1.390000 3 0.800000
981 982 1.360000 4 0.840000
982 983 1.360000 4 0.840000
983 984 1.360000 4 0.840000
984 985 1.220000 2 0.600000
985 986 1.190000 3 0.870000
986 987 1.190000 3 0.870000
987 988 1.270000 4 0.890000
988 989 1.340000 8 0.610000
989 990 1.350000 6 0.710000
990 991 1.340000 4 0.840000
991 992 1.360000 4 0.840000
992 993 1.140000 3 0.620000
993 994 1.270000 4 0.890000
994 995 1.350000 6 0.710000
995 996 1.360000 4 0.840000
996 997 1.360000 4 0.840000
997 998 1.190000 5 0.670000
998 999 1.350000 6 0.710000
999 1000 1.350000 6 0.710000
1000 1001 1.360000 4 0.840000
1001 1002 1.270000 4 0.890000
1002 1003 1.340000 8 0.610000
1003 1004 1.340000 8 0.610000
1004 1005 1.360000 4 0.840000
1005 1006 1.110000 6 0.660000
1006 1007 1.350000 7 0.670000
1007 1008 1.190000 3 0.870000
1008 1009 1.340000 8 0.610000
1009 1010 1.390000 3 0.800000
1010 1011 1.340000 8 0.610000
1011 1012 1.190000 5 0.730000
1012 1013 1.120000 5 0.660000
1013 1014 1.270000 4 0.890000
1014 1015 1.390000 3 0.800000
1015 1016 1.270000 4 0.890000
1016 1017 1.120000 5 0.660000
1017 1018 1.120000 5 0.660000
1018 1019 1.270000 4 0.890000
1019 1020 1.370000 5 0.730000
1020 1021 1.300000 8 0.670000
1021 1022 1.370000 5 0.730000
1022 1023 1.390000 3 0.800000
1023 1024 1.340000 8 0.610000
1024 1025 1.360000 4 0.840000
1025 1026 1.270000 4 0.890000
1026 1027 1.340000 8 0.610000
1027 1028 1.340000 4 0.700000
1028 1029 1.170000 4 0.620000
1029 1030 1.350000 6 0.710000
1030 1031 1.350000 6 0.710000
1031 1032 1.360000 3 0.830000
1032 1033 1.340000 8 0.610000
1033 1034 1.190000 3 0.870000
1034 1035 1.120000 6 0.730000
1035 1036 1.100000 3 0.880000
1036 1037 1.350000 6 0.710000
1037 1038 1.350000 6 0.710000
1038 1039 1.250000 6 0.700000
1039 1040 1.340000 8 0.610000
1040 1041 1.340000 8 0.610000
1041 1042 1.270000 4 0.890000
1042 1043 1.350000 6 0.710000
1043 1044 1.190000 5 0.670000
1044 1045 1.190000 5 0.670000
1045 1046 1.350000 6 0.710000
1046 1047 1.110000 3 0.840000
1047 1048 1.340000 8 0.610000
1048 1049 1.350000 6 0.710000
1049 1050 1.350000 6 0.710000
1050 1051 1.190000 5 0.670000
1051 1052 1.350000 6 0.710000
1052 1053 1.350000 6 0.710000
1053 1054 1.350000 6 0.710000
1054 1055 1.350000 6 0.710000
1055 1056 1.180000 4 0.880000
1056 1057 1.320000 3 0.660000
1057 1058 1.320000 3 0.660000
1058 1059 1.180000 4 0.880000
1059 1060 1.350000 6 0.710000
1060 1061 1.320000 3 0.660000
1061 1062 1.110000 3 0.840000
1062 1063 1.330000 6 0.670000
1063 1064 1.190000 5 0.670000
1064 1065 1.190000 5 0.670000
1065 1066 1.250000 6 0.700000
1066 1067 1.270000 4 0.870000
1067 1068 1.350000 6 0.710000
1068 1069 1.190000 5 0.670000
1069 1070 1.100000 3 0.880000
1070 1071 1.100000 3 0.880000
1071 1072 1.350000 6 0.710000
1072 1073 1.120000 2 0.760000
1073 1074 1.360000 4 0.840000
1074 1075 1.360000 4 0.840000
1075 1076 1.370000 5 0.730000
1076 1077 1.280000 3 0.630000
1077 1078 1.350000 3 0.720000
1078 1079 1.330000 8 0.810000
1079 1080 1.350000 3 0.720000
1080 1081 1.360000 4 0.840000
1081 1082 1.360000 4 0.840000
1082 1083 1.270000 4 0.890000
1083 1084 1.100000 3 0.880000
1084 1085 1.270000 4 0.870000
1085 1086 1.170000 4 0.620000
1086 1087 1.310000 2 0.620000
1087 1088 1.190000 6 0.600000
1088 1089 1.270000 4 0.620000
1089 1090 1.270000 4 0.890000
1090 1091 1.350000 6 0.710000
1091 1092 1.340000 8 0.610000
1092 1093 1.340000 8 0.610000
1093 1094 1.340000 8 0.610000
1094 1095 1.270000 4 0.890000
1095 1096 1.360000 4 0.840000
1096 1097 1.270000 4 0.890000
1097 1098 1.380000 4 0.690000
1098 1099 1.270000 4 0.890000
1099 1100 1.350000 6 0.710000
1100 1101 1.270000 4 0.870000
1101 1102 1.200000 3 0.800000
1102 1103 1.120000 5 0.660000
1103 1104 1.310000 3 0.600000
1104 1105 1.390000 3 0.800000
1105 1106 1.190000 3 0.870000
1106 1107 1.270000 4 0.890000
1107 1108 1.310000 3 0.690000
1108 1109 1.340000 8 0.610000
1109 1110 1.280000 4 0.640000
1110 1111 1.340000 8 0.610000
1111 1112 1.340000 8 0.610000
1112 1113 1.340000 8 0.610000
1113 1114 1.260000 6 0.670000
1114 1115 1.340000 4 0.700000
1115 1116 1.370000 2 0.880000
1116 1117 1.190000 3 0.870000
1117 1118 1.330000 8 0.810000
1118 1119 1.330000 8 0.810000
1119 1120 1.340000 8 0.610000
1120 1121 1.360000 4 0.840000
1121 1122 1.100000 3 0.880000
1122 1123 1.350000 2 0.620000
1123 1124 1.390000 3 0.800000
1124 1125 1.300000 4 0.630000
1125 1126 1.350000 2 0.620000
1126 1127 1.270000 4 0.890000
1127 1128 1.270000 4 0.890000
1128 1129 1.120000 5 0.660000
1129 1130 1.340000 8 0.610000
1130 1131 1.340000 8 0.610000
1131 1132 1.270000 4 0.890000
1132 1133 1.110000 6 0.660000
1133 1134 1.140000 6 0.790000
1134 1135 1.100000 3 0.880000
1135 1136 1.360000 4 0.840000
1136 1137 1.250000 6 0.700000
1137 1138 1.110000 6 0.660000
1138 1139 1.110000 6 0.660000
1139 1140 1.350000 3 0.720000
1140 1141 1.350000 7 0.670000
1141 1142 1.350000 7 0.670000
1142 1143 1.350000 6 0.710000
1143 1144 1.340000 8 0.610000
1144 1145 1.340000 8 0.610000
1145 1146 1.350000 6 0.710000
1146 1147 1.340000 8 0.610000
1147 1148 1.350000 2 0.750000
1148 1149 1.390000 3 0.800000
1149 1150 1.190000 6 0.600000
1150 1151 1.270000 4 0.890000
1151 1152 1.340000 8 0.610000
1152 1153 1.340000 8 0.610000
1153 1154 1.200000 2 0.620000
1154 1155 1.360000 4 0.840000
1155 1156 1.320000 7 0.620000
1156 1157 1.190000 3 0.870000
1157 1158 1.390000 3 0.800000
1158 1159 1.340000 8 0.610000
1159 1160 1.120000 5 0.660000
1160 1161 1.180000 8 0.710000
1161 1162 1.390000 3 0.800000
1162 1163 1.340000 4 0.700000
1163 1164 1.330000 8 0.810000
1164 1165 1.330000 8 0.810000
1165 1166 1.270000 4 0.890000
1166 1167 1.340000 8 0.610000
1167 1168 1.110000 3 0.840000
1168 1169 1.110000 6 0.660000
1169 1170 1.350000 2 0.620000
1170 1171 1.110000 6 0.660000
1171 1172 1.110000 6 0.660000
1172 1173 1.360000 4 0.840000
1173 1174 1.360000 4 0.840000
1174 1175 1.270000 4 0.890000
1175 1176 1.110000 6 0.660000
1176 1177 1.110000 6 0.660000
1177 1178 1.390000 3 0.800000
1178 1179 1.350000 3 0.720000
1179 1180 1.190000 6 0.600000
1180 1181 1.340000 8 0.610000
1181 1182 1.340000 8 0.610000
1182 1183 1.340000 8 0.610000
1183 1184 1.340000 8 0.610000
1184 1185 1.190000 3 0.790000
1185 1186 1.190000 3 0.790000
1186 1187 1.360000 4 0.840000
1187 1188 1.250000 6 0.700000
1188 1189 1.350000 6 0.710000
1189 1190 1.270000 4 0.890000
1190 1191 1.270000 4 0.890000
1191 1192 1.360000 4 0.840000
1192 1193 1.360000 4 0.840000
1193 1194 1.270000 4 0.890000
1194 1195 1.350000 4 0.840000
1195 1196 1.390000 3 0.800000
1196 1197 1.360000 3 0.830000
1197 1198 1.100000 5 0.670000
1198 1199 1.220000 8 0.650000
1199 1200 1.350000 3 0.720000
1200 1201 1.320000 3 0.690000
1201 1202 1.350000 3 0.720000
1202 1203 1.120000 5 0.660000
1203 1204 1.380000 6 0.600000
1204 1205 1.190000 3 0.870000
1205 1206 1.350000 3 0.720000
1206 1207 1.270000 4 0.890000
1207 1208 1.360000 4 0.840000
1208 1209 1.250000 6 0.720000
1209 1210 1.270000 4 0.890000
1210 1211 1.270000 4 0.890000
1211 1212 1.270000 4 0.890000
1212 1213 1.270000 2 0.680000
1213 1214 1.260000 6 0.670000
1214 1215 1.360000 4 0.840000
1215 1216 1.270000 4 0.890000
1216 1217 1.270000 4 0.890000
1217 1218 1.260000 6 0.670000
1218 1219 1.270000 4 0.890000
1219 1220 1.250000 8 0.810000
1220 1221 1.270000 4 0.890000
1221 1222 1.270000 4 0.890000
1222 1223 1.150000 5 0.760000
1223 1224 1.350000 4 0.840000
1224 1225 1.150000 5 0.760000
1225 1226 1.150000 5 0.760000
1226 1227 1.350000 3 0.720000
1227 1228 1.270000 4 0.890000
1228 1229 1.270000 4 0.890000
1229 1230 1.370000 7 0.770000
1230 1231 1.270000 4 0.890000
1231 1232 1.250000 6 0.720000
1232 1233 1.350000 7 0.670000
1233 1234 1.350000 3 0.720000
1234 1235 1.360000 4 0.840000
1235 1236 1.100000 8 0.610000
1236 1237 1.350000 3 0.720000
1237 1238 1.110000 4 0.670000
1238 1239 1.360000 4 0.840000
1239 1240 1.110000 6 0.660000
1240 1241 1.340000 8 0.610000
1241 1242 1.370000 5 0.730000
1242 1243 1.250000 4 0.730000
1243 1244 1.270000 6 0.890000
1244 1245 1.190000 5 0.730000
1245 1246 1.360000 4 0.840000
1246 1247 1.360000 4 0.840000
1247 1248 1.110000 4 0.670000
1248 1249 1.360000 4 0.840000
1249 1250 1.290000 4 0.650000
1250 1251 1.340000 8 0.610000
1251 1252 1.270000 4 0.890000
1252 1253 1.270000 4 0.890000
1253 1254 1.110000 3 0.840000
1254 1255 1.110000 4 0.670000
1255 1256 1.330000 8 0.810000
1256 1257 1.270000 4 0.890000
1257 1258 1.270000 4 0.890000
1258 1259 1.260000 6 0.830000
1259 1260 1.100000 2 0.640000
1260 1261 1.340000 8 0.610000
1261 1262 1.190000 5 0.730000
1262 1263 1.100000 8 0.610000
1263 1264 1.350000 3 0.720000
1264 1265 1.270000 4 0.890000
1265 1266 1.390000 3 0.800000
1266 1267 1.350000 3 0.720000
1267 1268 1.350000 3 0.720000
1268 1269 1.350000 3 0.720000
1269 1270 1.390000 3 0.800000
1270 1271 1.150000 5 0.760000
1271 1272 1.270000 4 0.890000
1272 1273 1.250000 6 0.870000
1273 1274 1.270000 4 0.890000
1274 1275 1.390000 3 0.800000
1275 1276 1.190000 3 0.870000
1276 1277 1.310000 3 0.640000
1277 1278 1.190000 3 0.870000
1278 1279 1.190000 3 0.870000
1279 1280 1.350000 6 0.710000
1280 1281 1.100000 8 0.610000
1281 1282 1.360000 4 0.840000
1282 1283 1.190000 3 0.870000
1283 1284 1.190000 3 0.870000
1284 1285 1.100000 3 0.880000
1285 1286 1.340000 8 0.610000
1286 1287 1.360000 4 0.840000
1287 1288 1.340000 8 0.610000
1288 1289 1.340000 8 0.610000
1289 1290 1.340000 8 0.610000
1290 1291 1.340000 8 0.610000
1291 1292 1.320000 7 0.660000
1292 1293 1.340000 8 0.610000
1293 1294 1.360000 4 0.840000
1294 1295 1.270000 4 0.890000
1295 1296 1.270000 4 0.890000
1296 1297 1.270000 4 0.890000
1297 1298 1.270000 4 0.890000
1298 1299 1.120000 5 0.660000
1299 1300 1.120000 5 0.660000
1300 1301 1.360000 4 0.840000
1301 1302 1.240000 5 0.830000
1302 1303 1.270000 4 0.890000
1303 1304 1.340000 8 0.610000
1304 1305 1.340000 8 0.610000
1305 1306 1.250000 6 0.700000
1306 1307 1.280000 4 0.640000
1307 1308 1.340000 8 0.610000
1308 1309 1.370000 7 0.770000
1309 1310 1.110000 6 0.660000
1310 1311 1.110000 6 0.660000
1311 1312 1.350000 6 0.710000
1312 1313 1.360000 4 0.840000
1313 1314 1.110000 6 0.660000
1314 1315 1.360000 4 0.840000
1315 1316 1.320000 5 0.890000
1316 1317 1.360000 4 0.840000
1317 1318 1.360000 4 0.840000
1318 1319 1.130000 4 0.610000
1319 1320 1.360000 4 0.840000
1320 1321 1.320000 5 0.890000
1321 1322 1.360000 6 0.670000
1322 1323 1.150000 5 0.760000
1323 1324 1.190000 3 0.870000
1324 1325 1.360000 4 0.840000
1325 1326 1.360000 4 0.840000
1326 1327 1.180000 6 0.700000
1327 1328 1.250000 6 0.720000
1328 1329 1.100000 8 0.610000
1329 1330 1.350000 6 0.710000
1330 1331 1.350000 6 0.710000
1331 1332 1.180000 6 0.700000
1332 1333 1.190000 5 0.670000
1333 1334 1.190000 5 0.670000
1334 1335 1.190000 5 0.670000
1335 1336 1.190000 5 0.670000
1336 1337 1.100000 3 0.880000
1337 1338 1.360000 4 0.840000
1338 1339 1.100000 8 0.610000
1339 1340 1.350000 6 0.710000
1340 1341 1.320000 3 0.660000
1341 1342 1.320000 3 0.660000
1342 1343 1.350000 6 0.710000
1343 1344 1.350000 6 0.710000
1344 1345 1.350000 6 0.710000
1345 1346 1.350000 6 0.710000
1346 1347 1.350000 6 0.710000
1347 1348 1.330000 6 0.860000
1348 1349 1.330000 6 0.860000
1349 1350 1.320000 3 0.660000
1350 1351 1.370000 7 0.800000
1351 1352 1.350000 6 0.710000
1352 1353 1.350000 6 0.710000
1353 1354 1.350000 6 0.710000
1354 1355 1.350000 6 0.710000
1355 1356 1.350000 6 0.710000
1356 1357 1.350000 6 0.710000
1357 1358 1.350000 6 0.710000
1358 1359 1.190000 5 0.670000
1359 1360 1.190000 5 0.670000
1360 1361 1.190000 5 0.670000
1361 1362 1.350000 6 0.710000
1362 1363 1.190000 5 0.670000
1363 1364 1.190000 5 0.670000
1364 1365 1.190000 5 0.670000
1365 1366 1.190000 5 0.670000
1366 1367 1.350000 6 0.710000
1367 1368 1.350000 6 0.710000
1368 1369 1.290000 6 0.630000
1369 1370 1.130000 8 0.840000
1370 1371 1.110000 3 0.840000
1371 1372 1.330000 6 0.860000
1372 1373 1.310000 3 0.690000
1373 1374 1.310000 3 0.690000
1374 1375 1.190000 5 0.670000
1375 1376 1.190000 5 0.670000
1376 1377 1.190000 5 0.670000
1377 1378 1.190000 3 0.870000
1378 1379 1.190000 3 0.870000
1379 1380 1.190000 3 0.870000
1380 1381 1.190000 3 0.870000
1381 1382 1.190000 3 0.870000
1382 1383 1.190000 3 0.870000
1383 1384 1.190000 3 0.870000
1384 1385 1.190000 3 0.870000
1385 1386 1.190000 3 0.870000
1386 1387 1.190000 3 0.870000
1387 1388 1.190000 3 0.870000
1388 1389 1.190000 3 0.870000
1389 1390 1.190000 3 0.870000
1390 1391 1.360000 4 0.840000
1391 1392 1.190000 3 0.870000
1392 1393 1.190000 3 0.870000
1393 1394 1.190000 3 0.870000
1394 1395 1.190000 3 0.870000
1395 1396 1.190000 3 0.870000
1396 1397 1.190000 3 0.870000
1397 1398 1.190000 3 0.870000
1398 1399 1.270000 4 0.890000
1399 1400 1.270000 4 0.890000
1400 1401 1.270000 4 0.890000
1401 1402 1.270000 4 0.890000
1402 1403 1.120000 7 0.740000
1403 1404 1.190000 3 0.870000
1404 1405 1.340000 8 0.610000
1405 1406 1.120000 5 0.660000
1406 1407 1.350000 2 0.620000
1407 1408 1.350000 2 0.620000
1408 1409 1.340000 8 0.610000
1409 1410 1.190000 3 0.870000
1410 1411 1.190000 3 0.870000
1411 1412 1.340000 8 0.610000
1412 1413 1.190000 3 0.870000
1413 1414 1.190000 6 0.600000
1414 1415 1.190000 3 0.870000
1415 1416 1.360000 3 0.830000
1416 1417 1.190000 3 0.870000
1417 1418 1.270000 4 0.890000
1418 1419 1.190000 3 0.870000
1419 1420 1.340000 8 0.610000
1420 1421 1.120000 7 0.740000
1421 1422 1.350000 2 0.620000
1422 1423 1.350000 2 0.620000
1423 1424 1.310000 2 0.690000
1424 1425 1.370000 7 0.770000
1425 1426 1.320000 5 0.890000
1426 1427 1.320000 5 0.890000
1427 1428 1.320000 5 0.890000
1428 1429 1.370000 2 0.760000
1429 1430 1.230000 8 0.820000
1430 1431 1.350000 2 0.620000
1431 1432 1.110000 6 0.660000
1432 1433 1.350000 2 0.620000
1433 1434 1.270000 4 0.890000
1434 1435 1.190000 3 0.870000
1435 1436 1.190000 3 0.870000
1436 1437 1.240000 3 0.650000
1437 1438 1.110000 6 0.660000
1438 1439 1.270000 4 0.890000
1439 1440 1.270000 4 0.890000
1440 1441 1.390000 3 0.800000
1441 1442 1.330000 2 0.710000
1442 1443 1.120000 7 0.740000
1443 1444 1.340000 8 0.610000
1444 1445 1.190000 3 0.870000
1445 1446 1.330000 2 0.710000
1446 1447 1.110000 6 0.660000
1447 1448 1.110000 6 0.660000
1448 1449 1.330000 7 0.610000
1449 1450 1.340000 8 0.610000
1450 1451 1.190000 3 0.870000
1451 1452 1.210000 3 0.750000
1452 1453 1.220000 2 0.830000
1453 1454 1.190000 3 0.870000
1454 1455 1.360000 4 0.840000
1455 1456 1.290000 6 0.630000
1456 1457 1.220000 2 0.830000
1457 1458 1.280000 4 0.640000
1458 1459 1.360000 4 0.840000
1459 1460 1.190000 3 0.870000
1460 1461 1.190000 3 0.870000
1461 1462 1.190000 3 0.870000
1462 1463 1.130000 2 0.810000
1463 1464 1.350000 7 0.670000
1464 1465 1.190000 3 0.870000
1465 1466 1.190000 3 0.870000
1466 1467 1.190000 3 0.870000
1467 1468 1.390000 3 0.800000
1468 1469 1.110000 3 0.840000
1469 1470 1.120000 5 0.660000
1470 1471 1.100000 3 0.880000
1471 1472 1.200000 3 0.800000
1472 1473 1.220000 2 0.830000
1473 1474 1.190000 3 0.870000
1474 1475 1.190000 3 0.870000
1475 1476 1.340000 8 0.610000
1476 1477 1.190000 3 0.870000
1477 1478 1.190000 3 0.870000
1478 1479 1.190000 3 0.870000
1479 1480 1.190000 3 0.870000
1480 1481 1.260000 6 0.670000
1481 1482 1.390000 6 0.870000
1482 1483 1.390000 3 0.800000
1483 1484 1.190000 5 0.730000
1484 1485 1.220000 6 0.890000
1485 1486 1.190000 3 0.870000
1486 1487 1.190000 3 0.870000
1487 1488 1.390000 3 0.800000
1488 1489 1.140000 6 0.690000
1489 1490 1.140000 6 0.690000
1490 1491 1.190000 3 0.870000
1491 1492 1.360000 4 0.840000
1492 1493 1.360000 3 0.830000
1493 1494 1.320000 6 0.670000
1494 1495 1.120000 5 0.660000
1495 1496 1.340000 8 0.610000
1496 1497 1.190000 3 0.870000
1497 1498 1.190000 3 0.870000
1498 1499 1.390000 3 0.800000
1499 1500 1.390000 3 0.800000
1500 1501 1.390000 3 0.800000
1501 1502 1.200000 3 0.800000
1502 1503 1.170000 4 0.710000
1503 1504 1.130000 2 0.810000
1504 1505 1.130000 2 0.810000
1505 1506 1.110000 3 0.840000
1506 1507 1.200000 2 0.690000
1507 1508 1.190000 3 0.870000
1508 1509 1.120000 5 0.660000
1509 1510 1.120000 5 0.660000
1510 1511 1.360000 4 0.840000
1511 1512 1.190000 3 0.870000
1512 1513 1.190000 3 0.870000
1513 1514 1.340000 8 0.610000
1514 1515 1.120000 5 0.660000
1515 1516 1.260000 6 0.670000
1516 1517 1.350000 2 0.620000
1517 1518 1.340000 8 0.610000
1518 1519 1.340000 8 0.610000
1519 1520 1.350000 2 0.620000
1520 1521 1.190000 3 0.870000
1521 1522 1.100000 4 0.630000
1522 1523 1.100000 8 0.610000
1523 1524 1.290000 6 0.630000
1524 1525 1.330000 6 0.860000
1525 1526 1.330000 6 0.860000
1526 1527 1.100000 3 0.880000
1527 1528 1.330000 6 0.860000
1528 1529 1.350000 6 0.710000
1529 1530 1.350000 6 0.710000
1530 1531 1.250000 6 0.700000
1531 1532 1.330000 2 0.710000
1532 1533 1.350000 6 0.710000
1533 1534 1.280000 2 0.710000
1534 1535 1.270000 4 0.890000
1535 1536 1.270000 4 0.890000
1536 1537 1.280000 4 0.640000
1537 1538 1.360000 4 0.840000
1538 1539 1.190000 3 0.870000
1539 1540 1.190000 3 0.870000
1540 1541 1.190000 3 0.870000
1541 1542 1.190000 3 0.870000
1542 1543 1.350000 6 0.710000
1543 1544 1.310000 3 0.600000
1544 1545 1.100000 3 0.880000
1545 1546 1.110000 2 0.600000
1546 1547 1.270000 4 0.890000
1547 1548 1.220000 2 0.670000
1548 1549 1.310000 3 0.600000
1549 1550 1.190000 3 0.870000
1550 1551 1.340000 8 0.610000
1551 1552 1.360000 4 0.840000
1552 1553 1.340000 8 0.610000
1553 1554 1.190000 3 0.870000
1554 1555 1.340000 8 0.610000
1555 1556 1.390000 3 0.800000
1556 1557 1.330000 6 0.860000
1557 1558 1.190000 3 0.870000
1558 1559 1.330000 2 0.710000
1559 1560 1.390000 3 0.800000
1560 1561 1.250000 6 0.700000
1561 1562 1.250000 6 0.700000
1562 1563 1.250000 6 0.700000
1563 1564 1.100000 3 0.880000
1564 1565 1.270000 4 0.890000
1565 1566 1.350000 6 0.710000
1566 1567 1.330000 2 0.710000
1567 1568 1.100000 3 0.880000
1568 1569 1.360000 4 0.840000
1569 1570 1.110000 3 0.840000
1570 1571 1.310000 3 0.690000
1571 1572 1.340000 8 0.610000
1572 1573 1.190000 3 0.870000
1573 1574 1.360000 4 0.840000
1574 1575 1.190000 3 0.870000
1575 1576 1.190000 3 0.870000
1576 1577 1.190000 3 0.870000
1577 1578 1.190000 3 0.870000
1578 1579 1.190000 3 0.870000
1579 1580 1.190000 3 0.870000
1580 1581 1.190000 3 0.870000
1581 1582 1.120000 5 0.660000
1582 1583 1.190000 8 0.680000
1583 1584 1.360000 3 0.830000
1584 1585 1.180000 4 0.810000
1585 1586 1.310000 8 0.790000
1586 1587 1.250000 6 0.700000
1587 1588 1.290000 6 0.630000
1588 1589 1.260000 6 0.670000
1589 1590 1.100000 3 0.880000
1590 1591 1.100000 3 0.880000
1591 1592 1.160000 3 0.830000
1592 1593 1.320000 6 0.670000
1593 1594 1.190000 3 0.870000
1594 1595 1.190000 3 0.870000
1595 1596 1.220000 2 0.830000
1596 1597 1.190000 3 0.870000
1597 1598 1.220000 2 0.600000
1598 1599 1.210000 5 0.630000
1599 1600 1.190000 3 0.870000
1600 1601 1.190000 3 0.870000
1601 1602 1.190000 3 0.870000
1602 1603 1.130000 2 0.810000
1603 1604 1.330000 6 0.860000
1604 1605 1.390000 7 0.840000
1605 1606 1.360000 3 0.830000
1606 1607 1.350000 2 0.620000
1607 1608 1.100000 5 0.720000
1608 1609 1.350000 2 0.620000
1609 1610 1.170000 8 0.810000
1610 1611 1.260000 2 0.690000
1611 1612 1.220000 3 0.880000
1612 1613 1.250000 6 0.700000
1613 1614 1.310000 3 0.690000
1614 1615 1.100000 6 0.870000
1615 1616 1.330000 2 0.710000
1616 1617 1.190000 5 0.670000
1617 1618 1.310000 3 0.690000
1618 1619 1.100000 3 0.880000
1619 1620 1.360000 4 0.840000
1620 1621 1.120000 5 0.660000
1621 1622 1.350000 6 0.710000
1622 1623 1.190000 5 0.670000
1623 1624 1.100000 3 0.880000
1624 1625 1.350000 6 0.710000
1625 1626 1.100000 3 0.880000
1626 1627 1.220000 2 0.600000
1627 1628 1.340000 8 0.610000
1628 1629 1.330000 2 0.710000
1629 1630 1.280000 2 0.710000
1630 1631 1.190000 3 0.870000
1631 1632 1.310000 8 0.790000
1632 1633 1.190000 3 0.870000
1633 1634 1.340000 8 0.610000
1634 1635 1.310000 3 0.690000
1635 1636 1.310000 8 0.790000
1636 1637 1.210000 3 0.750000
1637 1638 1.210000 3 0.750000
1638 1639 1.250000 6 0.700000
1639 1640 1.270000 4 0.890000
1640 1641 1.280000 4 0.640000
1641 1642 1.270000 4 0.890000
1642 1643 1.270000 4 0.890000
1643 1644 1.270000 4 0.890000
1644 1645 1.140000 6 0.860000
1645 1646 1.220000 8 0.650000
1646 1647 1.250000 6 0.700000
1647 1648 1.100000 2 0.640000
1648 1649 1.190000 5 0.670000
1649 1650 1.370000 8 0.830000
1650 1651 1.190000 3 0.870000
1651 1652 1.100000 3 0.880000
1652 1653 1.100000 3 0.880000
1653 1654 1.190000 3 0.870000
1654 1655 1.100000 3 0.880000
1655 1656 1.190000 3 0.870000
1656 1657 1.190000 3 0.870000
1657 1658 1.190000 5 0.730000
1658 1659 1.190000 3 0.870000
1659 1660 1.190000 3 0.870000
1660 1661 1.120000 7 0.740000
1661 1662 1.190000 3 0.870000
1662 1663 1.100000 3 0.880000
1663 1664 1.190000 6 0.600000
1664 1665 1.310000 8 0.790000
1665 1666 1.100000 8 0.610000
1666 1667 1.100000 8 0.610000
1667 1668 1.330000 6 0.860000
1668 1669 1.330000 6 0.860000
1669 1670 1.330000 6 0.860000
1670 1671 1.330000 6 0.860000
1671 1672 1.250000 6 0.700000
1672 1673 1.190000 5 0.670000
1673 1674 1.190000 5 0.670000
1674 1675 1.100000 3 0.880000
1675 1676 1.120000 5 0.660000
1676 1677 1.120000 5 0.660000
1677 1678 1.340000 8 0.610000
1678 1679 1.190000 5 0.730000
1679 1680 1.190000 3 0.870000
1680 1681 1.360000 4 0.840000
1681 1682 1.350000 6 0.710000
1682 1683 1.190000 3 0.870000
1683 1684 1.390000 3 0.800000
1684 1685 1.190000 3 0.870000
1685 1686 1.190000 3 0.870000
1686 1687 1.190000 3 0.870000
1687 1688 1.190000 3 0.870000
1688 1689 1.190000 3 0.870000
1689 1690 1.190000 3 0.870000
1690 1691 1.190000 3 0.870000
1691 1692 1.190000 3 0.870000
1692 1693 1.250000 6 0.700000
1693 1694 1.260000 2 0.710000
1694 1695 1.190000 3 0.870000
1695 1696 1.330000 7 0.740000
1696 1697 1.280000 2 0.710000
1697 1698 1.330000 7 0.740000
1698 1699 1.250000 6 0.700000
1699 1700 1.220000 8 0.650000
1700 1701 1.220000 8 0.650000
1701 1702 1.220000 8 0.650000
1702 1703 1.220000 8 0.650000
1703 1704 1.250000 8 0.810000
1704 1705 1.220000 8 0.650000
1705 1706 1.220000 8 0.650000
1706 1707 1.220000 8 0.650000
1707 1708 1.100000 3 0.880000
1708 1709 1.190000 3 0.870000
1709 1710 1.110000 6 0.660000
1710 1711 1.110000 6 0.660000
1711 1712 1.290000 8 0.690000
1712 1713 1.390000 7 0.840000
1713 1714 1.340000 8 0.610000
1714 1715 1.190000 3 0.870000
1715 1716 1.340000 8 0.610000
1716 1717 1.190000 3 0.870000
1717 1718 1.190000 3 0.870000
1718 1719 1.190000 3 0.870000
1719 1720 1.380000 6 0.600000
1720 1721 1.120000 6 0.680000
1721 1722 1.380000 6 0.600000
1722 1723 1.190000 3 0.870000
1723 1724 1.320000 6 0.670000
1724 1725 1.360000 4 0.840000
1725 1726 1.120000 5 0.660000
1726 1727 1.350000 2 0.620000
1727 1728 1.190000 6 0.600000
1728 1729 1.360000 5 0.810000
1729 1730 1.120000 5 0.660000
1730 1731 1.340000 8 0.610000
1731 1732 1.190000 3 0.870000
1732 1733 1.190000 3 0.870000
1733 1734 1.190000 3 0.870000
1734 1735 1.190000 3 0.870000
1735 1736 1.190000 3 0.870000
1736 1737 1.330000 7 0.740000
1737 1738 1.190000 3 0.870000
1738 1739 1.270000 4 0.890000
1739 1740 1.270000 4 0.890000
1740 1741 1.190000 6 0.600000
1741 1742 1.110000 3 0.840000
1742 1743 1.110000 3 0.840000
1743 1744 1.270000 4 0.890000
1744 1745 1.350000 2 0.620000
1745 1746 1.330000 6 0.860000
1746 1747 1.390000 3 0.800000
1747 1748 1.110000 3 0.840000
1748 1749 1.190000 3 0.870000
1749 1750 1.190000 3 0.870000
1750 1751 1.340000 8 0.610000
1751 1752 1.250000 6 0.700000
1752 1753 1.110000 3 0.840000
1753 1754 1.260000 6 0.670000
1754 1755 1.250000 6 0.700000
1755 1756 1.100000 8 0.610000
1756 1757 1.390000 3 0.800000
1757 1758 1.310000 3 0.690000
1758 1759 1.270000 4 0.890000
1759 1760 1.220000 8 0.650000
1760 1761 1.330000 7 0.740000
1761 1762 1.190000 3 0.870000
1762 1763 1.190000 3 0.870000
1763 1764 1.190000 3 0.870000
1764 1765 1.220000 8 0.650000
1765 1766 1.220000 8 0.650000
1766 1767 1.220000 8 0.650000
1767 1768 1.190000 3 0.870000
1768 1769 1.190000 3 0.870000
1769 1770 1.190000 3 0.870000
1770 1771 1.190000 3 0.870000
1771 1772 1.190000 3 0.870000
1772 1773 1.190000 3 0.870000
1773 1774 1.190000 3 0.870000
1774 1775 1.190000 3 0.870000
1775 1776 1.190000 3 0.870000
1776 1777 1.270000 4 0.890000
1777 1778 1.190000 3 0.870000
1778 1779 1.120000 5 0.660000
1779 1780 1.190000 3 0.870000
1780 1781 1.190000 3 0.870000
1781 1782 1.190000 3 0.870000
1782 1783 1.340000 8 0.610000
1783 1784 1.190000 3 0.870000
1784 1785 1.190000 3 0.870000
1785 1786 1.340000 8 0.610000
1786 1787 1.290000 8 0.790000
1787 1788 1.190000 3 0.870000
1788 1789 1.190000 3 0.870000
1789 1790 1.190000 3 0.870000
1790 1791 1.360000 4 0.840000
1791 1792 1.320000 6 0.670000
1792 1793 1.190000 3 0.870000
1793 1794 1.190000 3 0.870000
1794 1795 1.190000 3 0.870000
1795 1796 1.310000 3 0.690000
1796 1797 1.340000 8 0.610000
1797 1798 1.190000 3 0.870000
1798 1799 1.100000 2 0.640000
1799 1800 1.340000 8 0.610000
1800 1801 1.250000 6 0.700000
1801 1802 1.100000 3 0.880000
1802 1803 1.220000 8 0.650000
1803 1804 1.120000 7 0.740000
1804 1805 1.180000 6 0.840000
1805 1806 1.160000 6 0.820000
1806 1807 1.330000 2 0.710000
1807 1808 1.370000 7 0.770000
1808 1809 1.140000 6 0.860000
1809 1810 1.120000 7 0.740000
1810 1811 1.130000 4 0.820000
1811 1812 1.260000 6 0.670000
1812 1813 1.270000 4 0.890000
1813 1814 1.340000 8 0.610000
1814 1815 1.270000 4 0.890000
1815 1816 1.270000 4 0.890000
1816 1817 1.340000 8 0.610000
1817 1818 1.190000 6 0.600000
1818 1819 1.280000 4 0.640000
1819 1820 1.160000 6 0.820000
1820 1821 1.190000 3 0.870000
1821 1822 1.340000 4 0.730000
1822 1823 1.310000 3 0.690000
1823 1824 1.320000 5 0.890000
1824 1825 1.320000 5 0.890000
1825 1826 1.320000 5 0.890000
1826 1827 1.220000 8 0.650000
1827 1828 1.190000 3 0.870000
1828 1829 1.310000 8 0.790000
1829 1830 1.190000 3 0.870000
1830 1831 1.190000 3 0.870000
1831 1832 1.190000 3 0.870000
1832 1833 1.220000 2 0.670000
1833 1834 1.290000 4 0.650000
1834 1835 1.190000 3 0.870000
1835 1836 1.270000 4 0.890000
1836 1837 1.210000 3 0.750000
1837 1838 1.130000 5 0.740000
1838 1839 1.310000 8 0.790000
1839 1840 1.190000 6 0.600000
1840 1841 1.100000 3 0.650000
1841 1842 1.390000 6 0.870000
1842 1843 1.360000 5 0.810000
1843 1844 1.320000 5 0.890000
1844 1845 1.190000 5 0.730000
1845 1846 1.190000 3 0.870000
1846 1847 1.360000 4 0.840000
1847 1848 1.360000 4 0.840000
1848 1849 1.360000 4 0.840000
1849 1850 1.340000 8 0.610000
1850 1851 1.340000 8 0.610000
1851 1852 1.190000 3 0.870000
1852 1853 1.100000 2 0.640000
1853 1854 1.340000 6 0.790000
1854 1855 1.330000 7 0.740000
1855 1856 1.310000 8 0.790000
1856 1857 1.340000 6 0.790000
1857 1858 1.340000 6 0.790000
1858 1859 1.140000 6 0.860000
1859 1860 1.140000 6 0.860000
1860 1861 1.100000 3 0.880000
1861 1862 1.270000 4 0.890000
1862 1863 1.230000 5 0.600000
1863 1864 1.250000 6 0.700000
1864 1865 1.280000 4 0.640000
1865 1866 1.190000 3 0.870000
1866 1867 1.100000 2 0.640000
1867 1868 1.340000 6 0.790000
1868 1869 1.220000 8 0.650000
1869 1870 1.130000 6 0.840000
1870 1871 1.330000 6 0.860000
1871 1872 1.370000 7 0.770000
1872 1873 1.220000 8 0.650000
1873 1874 1.330000 2 0.710000
1874 1875 1.190000 3 0.870000
1875 1876 1.340000 8 0.610000
1876 1877 1.330000 7 0.740000
1877 1878 1.220000 8 0.650000
1878 1879 1.220000 8 0.650000
1879 1880 1.320000 6 0.670000
1880 1881 1.100000 3 0.880000
1881 1882 1.280000 4 0.640000
1882 1883 1.100000 7 0.640000
1883 1884 1.340000 8 0.610000
1884 1885 1.340000 8 0.610000
1885 1886 1.340000 8 0.610000
1886 1887 1.100000 2 0.640000
1887 1888 1.100000 2 0.640000
1888 1889 1.120000 7 0.740000
1889 1890 1.370000 7 0.770000
1890 1891 1.340000 8 0.610000
1891 1892 1.190000 3 0.870000
1892 1893 1.280000 2 0.710000
1893 1894 1.280000 2 0.710000
1894 1895 1.190000 3 0.870000
1895 1896 1.310000 3 0.690000
1896 1897 1.280000 2 0.710000
1897 1898 1.220000 8 0.650000
1898 1899 1.370000 7 0.770000
1899 1900 1.100000 2 0.640000
1900 1901 1.340000 8 0.610000
1901 1902 1.100000 3 0.880000
1902 1903 1.100000 3 0.880000
1903 1904 1.260000 2 0.710000
1904 1905 1.320000 3 0.660000
1905 1906 1.310000 3 0.690000
1906 1907 1.100000 3 0.880000
1907 1908 1.100000 3 0.880000
1908 1909 1.220000 8 0.650000
1909 1910 1.100000 3 0.880000
1910 1911 1.100000 3 0.880000
1911 1912 1.100000 3 0.880000
1912 1913 1.100000 3 0.880000
1913 1914 1.100000 3 0.880000
1914 1915 1.100000 3 0.880000
1915 1916 1.100000 3 0.880000
1916 1917 1.100000 3 0.880000
1917 1918 1.250000 6 0.700000
1918 1919 1.310000 3 0.690000
1919 1920 1.100000 3 0.880000
1920 1921 1.220000 8 0.650000
1921 1922 1.100000 2 0.640000
1922 1923 1.370000 5 0.840000
1923 1924 1.190000 3 0.870000
1924 1925 1.230000 6 0.600000
1925 1926 1.100000 3 0.880000
1926 1927 1.220000 8 0.650000
1927 1928 1.100000 3 0.880000
1928 1929 1.100000 3 0.880000
1929 1930 1.270000 4 0.890000
1930 1931 1.310000 3 0.690000
1931 1932 1.190000 3 0.870000
1932 1933 1.340000 8 0.610000
1933 1934 1.220000 8 0.650000
1934 1935 1.100000 3 0.880000
1935 1936 1.320000 3 0.660000
1936 1937 1.220000 8 0.650000
1937 1938 1.230000 6 0.600000
1938 1939 1.140000 6 0.860000
1939 1940 1.180000 6 0.840000
1940 1941 1.310000 3 0.690000
1941 1942 1.220000 8 0.650000
1942 1943 1.180000 6 0.840000
1943 1944 1.280000 4 0.640000
