0 1 1.280000 5 0.690000
1 2 1.320000 5 0.640000
2 3 1.350000 8 0.760000
3 4 1.330000 2 0.690000
4 5 1.120000 7 0.860000
5 6 1.120000 7 0.860000
6 7 1.130000 4 0.720000
7 8 1.100000 5 0.780000
8 9 1.280000 3 0.860000
9 10 1.330000 3 0.740000
10 11 1.280000 2 0.600000
11 12 1.370000 6 0.840000
12 13 1.120000 7 0.860000
13 14 1.280000 3 0.860000
14 15 1.120000 7 0.860000
15 16 1.280000 3 0.860000
16 17 1.120000 7 0.860000
17 18 1.280000 3 0.860000
18 19 1.330000 3 0.740000
19 20 1.170000 2 0.830000
20 21 1.140000 2 0.820000
21 22 1.280000 3 0.860000
22 23 1.280000 3 0.860000
23 24 1.120000 7 0.860000
24 25 1.370000 6 0.840000
25 26 1.280000 3 0.860000
26 27 1.280000 3 0.860000
27 28 1.370000 6 0.840000
28 29 1.240000 7 0.650000
29 30 1.240000 7 0.650000
30 31 1.280000 3 0.860000
31 32 1.280000 3 0.860000
32 33 1.100000 5 0.780000
33 34 1.370000 6 0.840000
34 35 1.370000 6 0.840000
35 36 1.280000 3 0.860000
36 37 1.280000 3 0.860000
37 38 1.280000 3 0.860000
38 39 1.100000 5 0.780000
39 40 1.280000 3 0.860000
40 41 1.120000 7 0.860000
41 42 1.120000 7 0.860000
42 43 1.330000 3 0.740000
43 44 1.280000 3 0.860000
44 45 1.120000 7 0.860000
45 46 1.280000 3 0.860000
46 47 1.280000 3 0.860000
47 48 1.360000 6 0.780000
48 49 1.360000 6 0.780000
49 50 1.360000 3 0.830000
50 51 1.100000 5 0.780000
51 52 1.100000 8 0.840000
52 53 1.280000 3 0.860000
53 54 1.100000 8 0.840000
54 55 1.100000 5 0.780000
55 56 1.100000 5 0.780000
56 57 1.170000 2 0.830000
57 58 1.170000 2 0.830000
58 59 1.280000 3 0.860000
59 60 1.280000 3 0.860000
60 61 1.280000 3 0.860000
61 62 1.280000 3 0.860000
62 63 1.240000 7 0.650000
63 64 1.280000 2 0.600000
64 65 1.370000 6 0.840000
65 66 1.360000 3 0.890000
66 67 1.280000 3 0.860000
67 68 1.280000 3 0.860000
68 69 1.280000 3 0.860000
69 70 1.370000 6 0.840000
70 71 1.280000 3 0.860000
71 72 1.120000 7 0.860000
72 73 1.280000 3 0.860000
73 74 1.280000 3 0.860000
74 75 1.120000 7 0.860000
75 76 1.280000 3 0.860000
76 77 1.280000 3 0.860000
77 78 1.280000 3 0.860000
78 79 1.280000 3 0.860000
79 80 1.280000 3 0.860000
80 81 1.280000 3 0.860000
81 82 1.120000 7 0.860000
82 83 1.120000 7 0.860000
83 84 1.330000 3 0.740000
84 85 1.120000 7 0.860000
85 86 1.120000 7 0.860000
86 87 1.120000 7 0.860000
87 88 1.120000 7 0.860000
88 89 1.120000 7 0.860000
89 90 1.120000 7 0.860000
90 91 1.280000 3 0.860000
91 92 1.120000 7 0.860000
92 93 1.120000 7 0.860000
93 94 1.120000 7 0.860000
94 95 1.120000 7 0.860000
95 96 1.120000 7 0.860000
96 97 1.280000 3 0.860000
97 98 1.320000 3 0.770000
98 99 1.320000 3 0.770000
99 100 1.280000 3 0.860000
100 101 1.280000 3 0.860000
101 102 1.100000 5 0.780000
102 103 1.280000 3 0.860000
103 104 1.100000 5 0.780000
104 105 1.320000 5 0.640000
105 106 1.120000 7 0.860000
106 107 1.240000 7 0.650000
107 108 1.280000 3 0.860000
108 109 1.120000 7 0.860000
109 110 1.360000 3 0.890000
110 111 1.120000 7 0.860000
111 112 1.120000 7 0.860000
112 113 1.280000 3 0.860000
113 114 1.280000 3 0.860000
114 115 1.280000 3 0.860000
115 116 1.280000 3 0.860000
116 117 1.100000 8 0.840000
117 118 1.280000 3 0.860000
118 119 1.120000 7 0.860000
119 120 1.280000 3 0.860000
120 121 1.170000 2 0.830000
121 122 1.240000 7 0.650000
122 123 1.170000 2 0.830000
123 124 1.280000 3 0.860000
124 125 1.360000 7 0.810000
125 126 1.280000 3 0.860000
126 127 1.360000 7 0.810000
127 128 1.360000 7 0.810000
128 129 1.280000 3 0.610000
129 130 1.360000 7 0.810000
130 131 1.360000 7 0.810000
131 132 1.360000 7 0.810000
132 133 1.370000 6 0.840000
133 134 1.360000 7 0.810000
134 135 1.280000 3 0.860000
135 136 1.280000 3 0.860000
136 137 1.170000 3 0.670000
137 138 1.280000 3 0.610000
138 139 1.360000 7 0.810000
139 140 1.360000 7 0.810000
140 141 1.280000 3 0.610000
141 142 1.360000 7 0.810000
142 143 1.360000 7 0.810000
143 144 1.280000 3 0.610000
144 145 1.330000 4 0.870000
145 146 1.230000 2 0.600000
146 147 1.230000 2 0.600000
147 148 1.120000 7 0.860000
148 149 1.320000 3 0.770000
149 150 1.120000 7 0.860000
150 151 1.320000 7 0.690000
151 152 1.320000 7 0.690000
152 153 1.320000 7 0.690000
153 154 1.330000 8 0.760000
154 155 1.240000 7 0.770000
155 156 1.350000 4 0.810000
156 157 1.240000 8 0.850000
157 158 1.120000 8 0.730000
158 159 1.390000 2 0.810000
159 160 1.280000 8 0.860000
160 161 1.330000 4 0.870000
161 162 1.390000 2 0.810000
162 163 1.120000 7 0.860000
163 164 1.270000 6 0.790000
164 165 1.100000 5 0.780000
165 166 1.390000 2 0.810000
166 167 1.120000 7 0.860000
167 168 1.330000 4 0.870000
168 169 1.120000 7 0.860000
169 170 1.370000 6 0.840000
170 171 1.370000 6 0.840000
171 172 1.390000 2 0.810000
172 173 1.120000 7 0.860000
173 174 1.120000 7 0.860000
174 175 1.280000 3 0.860000
175 176 1.120000 7 0.860000
176 177 1.280000 3 0.860000
177 178 1.280000 3 0.860000
178 179 1.280000 3 0.860000
179 180 1.280000 3 0.860000
180 181 1.380000 6 0.870000
181 182 1.380000 7 0.630000
182 183 1.380000 6 0.870000
183 184 1.320000 3 0.770000
184 185 1.120000 7 0.860000
185 186 1.120000 7 0.860000
186 187 1.370000 6 0.840000
187 188 1.320000 5 0.640000
188 189 1.370000 7 0.650000
189 190 1.370000 7 0.650000
190 191 1.280000 3 0.860000
191 192 1.280000 3 0.860000
192 193 1.240000 7 0.650000
193 194 1.370000 6 0.840000
194 195 1.120000 7 0.860000
195 196 1.350000 7 0.610000
196 197 1.370000 6 0.840000
197 198 1.180000 8 0.780000
198 199 1.280000 3 0.860000
199 200 1.280000 3 0.860000
200 201 1.280000 3 0.860000
201 202 1.370000 6 0.840000
202 203 1.120000 7 0.860000
203 204 1.280000 3 0.860000
204 205 1.370000 6 0.840000
205 206 1.140000 6 0.680000
206 207 1.120000 7 0.860000
207 208 1.120000 7 0.860000
208 209 1.280000 3 0.860000
209 210 1.240000 7 0.650000
210 211 1.370000 6 0.840000
211 212 1.380000 7 0.630000
212 213 1.370000 6 0.840000
213 214 1.120000 7 0.860000
214 215 1.200000 2 0.870000
215 216 1.370000 7 0.650000
216 217 1.370000 6 0.840000
217 218 1.120000 7 0.860000
218 219 1.320000 5 0.640000
219 220 1.320000 5 0.640000
220 221 1.120000 7 0.860000
221 222 1.280000 3 0.860000
222 223 1.120000 7 0.860000
223 224 1.120000 7 0.860000
224 225 1.280000 3 0.860000
225 226 1.360000 5 0.610000
226 227 1.360000 5 0.610000
227 228 1.360000 5 0.610000
228 229 1.360000 5 0.610000
229 230 1.120000 7 0.860000
230 231 1.120000 7 0.860000
231 232 1.120000 7 0.860000
232 233 1.120000 7 0.860000
233 234 1.120000 7 0.860000
234 235 1.280000 3 0.860000
235 236 1.280000 3 0.860000
236 237 1.280000 3 0.860000
237 238 1.280000 3 0.860000
238 239 1.120000 7 0.860000
239 240 1.280000 3 0.860000
240 241 1.240000 8 0.850000
241 242 1.280000 3 0.860000
242 243 1.320000 7 0.690000
243 244 1.320000 7 0.690000
244 245 1.280000 3 0.860000
245 246 1.320000 7 0.690000
246 247 1.280000 3 0.860000
247 248 1.170000 8 0.800000
248 249 1.280000 3 0.860000
249 250 1.230000 4 0.700000
250 251 1.220000 3 0.700000
251 252 1.290000 8 0.770000
252 253 1.360000 7 0.810000
253 254 1.220000 3 0.700000
254 255 1.320000 6 0.840000
255 256 1.280000 3 0.860000
256 257 1.170000 3 0.670000
257 258 1.320000 6 0.840000
258 259 1.280000 3 0.860000
259 260 1.320000 6 0.840000
260 261 1.320000 6 0.840000
261 262 1.280000 3 0.860000
262 263 1.280000 3 0.860000
263 264 1.280000 3 0.860000
264 265 1.370000 6 0.840000
265 266 1.280000 3 0.860000
266 267 1.360000 7 0.810000
267 268 1.280000 3 0.860000
268 269 1.280000 3 0.860000
269 270 1.280000 3 0.860000
270 271 1.280000 3 0.860000
271 272 1.360000 5 0.610000
272 273 1.120000 7 0.860000
273 274 1.180000 8 0.780000
274 275 1.120000 7 0.860000
275 276 1.280000 3 0.860000
276 277 1.280000 3 0.860000
277 278 1.180000 8 0.780000
278 279 1.330000 4 0.870000
279 280 1.180000 8 0.780000
280 281 1.120000 7 0.860000
281 282 1.140000 6 0.680000
282 283 1.120000 7 0.860000
283 284 1.280000 3 0.860000
284 285 1.180000 8 0.780000
285 286 1.120000 7 0.860000
286 287 1.370000 6 0.840000
287 288 1.180000 8 0.780000
288 289 1.320000 5 0.640000
289 290 1.120000 7 0.860000
290 291 1.280000 3 0.860000
291 292 1.120000 7 0.860000
292 293 1.120000 7 0.860000
293 294 1.120000 7 0.860000
294 295 1.120000 7 0.860000
295 296 1.120000 7 0.860000
296 297 1.120000 7 0.860000
297 298 1.120000 7 0.860000
298 299 1.120000 7 0.860000
299 300 1.120000 7 0.860000
300 301 1.120000 7 0.860000
301 302 1.120000 7 0.860000
302 303 1.240000 7 0.650000
303 304 1.280000 3 0.860000
304 305 1.280000 3 0.860000
305 306 1.280000 3 0.860000
306 307 1.280000 3 0.860000
307 308 1.260000 2 0.850000
308 309 1.390000 2 0.810000
309 310 1.390000 2 0.810000
310 311 1.350000 4 0.810000
311 312 1.100000 5 0.780000
312 313 1.120000 7 0.860000
313 314 1.280000 3 0.860000
314 315 1.370000 6 0.840000
315 316 1.120000 7 0.860000
316 317 1.190000 4 0.670000
317 318 1.190000 4 0.670000
318 319 1.320000 6 0.840000
319 320 1.240000 7 0.650000
320 321 1.180000 8 0.740000
321 322 1.180000 8 0.740000
322 323 1.240000 7 0.650000
323 324 1.240000 7 0.650000
324 325 1.240000 7 0.650000
325 326 1.240000 7 0.650000
326 327 1.380000 8 0.840000
327 328 1.280000 3 0.860000
328 329 1.320000 6 0.840000
329 330 1.380000 8 0.840000
330 331 1.210000 3 0.610000
331 332 1.210000 3 0.610000
332 333 1.360000 7 0.810000
333 334 1.280000 3 0.860000
334 335 1.280000 3 0.860000
335 336 1.100000 8 0.840000
336 337 1.120000 7 0.860000
337 338 1.280000 3 0.860000
338 339 1.120000 7 0.860000
339 340 1.100000 5 0.780000
340 341 1.280000 3 0.860000
341 342 1.120000 7 0.860000
342 343 1.280000 3 0.860000
343 344 1.320000 3 0.770000
344 345 1.320000 5 0.640000
345 346 1.120000 7 0.860000
346 347 1.280000 3 0.860000
347 348 1.120000 7 0.860000
348 349 1.120000 7 0.860000
349 350 1.350000 7 0.610000
350 351 1.280000 3 0.860000
351 352 1.280000 3 0.860000
352 353 1.100000 5 0.780000
353 354 1.280000 3 0.860000
354 355 1.320000 6 0.840000
355 356 1.100000 8 0.840000
356 357 1.100000 8 0.840000
357 358 1.100000 8 0.840000
358 359 1.120000 7 0.860000
359 360 1.120000 7 0.860000
360 361 1.330000 2 0.690000
361 362 1.330000 2 0.690000
362 363 1.240000 7 0.650000
363 364 1.100000 5 0.780000
364 365 1.370000 6 0.840000
365 366 1.380000 6 0.870000
366 367 1.380000 6 0.870000
367 368 1.120000 7 0.860000
368 369 1.100000 8 0.840000
369 370 1.100000 8 0.840000
370 371 1.280000 3 0.860000
371 372 1.280000 3 0.860000
372 373 1.120000 7 0.860000
373 374 1.280000 3 0.860000
374 375 1.280000 3 0.860000
375 376 1.150000 5 0.680000
376 377 1.390000 2 0.810000
377 378 1.280000 3 0.860000
378 379 1.320000 6 0.840000
379 380 1.240000 7 0.650000
380 381 1.320000 6 0.840000
381 382 1.320000 6 0.840000
382 383 1.320000 6 0.840000
383 384 1.320000 6 0.840000
384 385 1.320000 6 0.840000
385 386 1.320000 6 0.840000
386 387 1.320000 6 0.840000
387 388 1.320000 6 0.840000
388 389 1.280000 3 0.860000
389 390 1.100000 5 0.780000
390 391 1.380000 8 0.840000
391 392 1.320000 6 0.840000
392 393 1.120000 7 0.860000
393 394 1.100000 8 0.840000
394 395 1.320000 5 0.640000
395 396 1.100000 8 0.840000
396 397 1.100000 8 0.840000
397 398 1.280000 3 0.860000
398 399 1.100000 8 0.840000
399 400 1.120000 7 0.860000
400 401 1.320000 5 0.640000
401 402 1.140000 6 0.680000
402 403 1.330000 3 0.720000
403 404 1.280000 3 0.860000
404 405 1.120000 7 0.860000
405 406 1.120000 7 0.860000
406 407 1.130000 4 0.720000
407 408 1.120000 7 0.860000
408 409 1.100000 8 0.840000
409 410 1.380000 6 0.870000
410 411 1.320000 2 0.730000
411 412 1.210000 3 0.820000
412 413 1.320000 7 0.690000
413 414 1.280000 3 0.860000
414 415 1.140000 6 0.680000
415 416 1.280000 3 0.860000
416 417 1.100000 5 0.780000
417 418 1.300000 6 0.740000
418 419 1.320000 3 0.770000
419 420 1.120000 7 0.860000
420 421 1.370000 6 0.840000
421 422 1.390000 2 0.810000
422 423 1.120000 7 0.860000
423 424 1.120000 7 0.860000
424 425 1.120000 7 0.860000
425 426 1.120000 7 0.860000
426 427 1.280000 3 0.860000
427 428 1.280000 2 0.600000
428 429 1.100000 8 0.840000
429 430 1.280000 3 0.860000
430 431 1.280000 3 0.860000
431 432 1.320000 6 0.840000
432 433 1.180000 8 0.740000
433 434 1.380000 6 0.870000
434 435 1.280000 8 0.860000
435 436 1.100000 8 0.840000
436 437 1.280000 3 0.860000
437 438 1.360000 7 0.810000
438 439 1.100000 5 0.780000
439 440 1.100000 8 0.840000
440 441 1.280000 3 0.860000
441 442 1.280000 3 0.860000
442 443 1.120000 3 0.670000
443 444 1.280000 3 0.860000
444 445 1.280000 3 0.860000
445 446 1.280000 3 0.860000
446 447 1.100000 5 0.780000
447 448 1.120000 7 0.860000
448 449 1.100000 5 0.780000
449 450 1.390000 2 0.810000
450 451 1.290000 6 0.740000
451 452 1.100000 5 0.780000
452 453 1.120000 7 0.860000
453 454 1.280000 3 0.860000
454 455 1.120000 7 0.860000
455 456 1.120000 7 0.860000
456 457 1.280000 3 0.860000
457 458 1.280000 3 0.860000
458 459 1.100000 8 0.840000
459 460 1.100000 8 0.840000
460 461 1.320000 2 0.730000
461 462 1.320000 2 0.730000
462 463 1.100000 8 0.840000
463 464 1.120000 7 0.860000
464 465 1.280000 3 0.860000
465 466 1.100000 8 0.840000
466 467 1.100000 5 0.780000
467 468 1.360000 7 0.810000
468 469 1.100000 8 0.840000
469 470 1.100000 8 0.840000
470 471 1.100000 8 0.840000
471 472 1.140000 6 0.680000
472 473 1.120000 7 0.860000
473 474 1.370000 6 0.840000
474 475 1.360000 5 0.610000
475 476 1.100000 5 0.780000
476 477 1.360000 5 0.610000
477 478 1.120000 7 0.860000
478 479 1.280000 3 0.860000
479 480 1.360000 5 0.610000
480 481 1.360000 5 0.610000
481 482 1.100000 5 0.780000
482 483 1.360000 5 0.610000
483 484 1.120000 7 0.860000
484 485 1.120000 7 0.860000
485 486 1.100000 8 0.840000
486 487 1.120000 7 0.860000
487 488 1.320000 6 0.840000
488 489 1.280000 3 0.610000
489 490 1.280000 3 0.860000
490 491 1.320000 6 0.840000
491 492 1.160000 5 0.890000
492 493 1.100000 8 0.840000
493 494 1.280000 3 0.860000
494 495 1.280000 3 0.860000
495 496 1.280000 3 0.860000
496 497 1.280000 3 0.860000
497 498 1.280000 3 0.860000
498 499 1.120000 7 0.860000
499 500 1.100000 5 0.780000
500 501 1.100000 5 0.780000
501 502 1.100000 5 0.780000
502 503 1.280000 3 0.860000
503 504 1.280000 3 0.860000
504 505 1.280000 3 0.860000
505 506 1.100000 5 0.780000
506 507 1.370000 6 0.840000
507 508 1.280000 3 0.860000
508 509 1.280000 3 0.860000
509 510 1.240000 7 0.650000
510 511 1.100000 5 0.780000
511 512 1.240000 8 0.850000
512 513 1.280000 3 0.860000
513 514 1.190000 4 0.670000
514 515 1.320000 6 0.840000
515 516 1.370000 6 0.840000
516 517 1.280000 7 0.800000
517 518 1.280000 3 0.860000
518 519 1.280000 3 0.860000
519 520 1.360000 7 0.810000
520 521 1.280000 3 0.860000
521 522 1.200000 2 0.870000
522 523 1.280000 3 0.860000
523 524 1.100000 8 0.840000
524 525 1.100000 8 0.840000
525 526 1.120000 7 0.860000
526 527 1.280000 3 0.860000
527 528 1.280000 3 0.860000
528 529 1.120000 7 0.860000
529 530 1.330000 3 0.740000
530 531 1.100000 8 0.840000
531 532 1.280000 3 0.860000
532 533 1.280000 3 0.860000
533 534 1.370000 6 0.840000
534 535 1.320000 6 0.840000
535 536 1.280000 3 0.860000
536 537 1.100000 8 0.840000
537 538 1.350000 7 0.650000
538 539 1.280000 3 0.860000
539 540 1.370000 6 0.840000
540 541 1.280000 3 0.860000
541 542 1.280000 3 0.860000
542 543 1.370000 6 0.840000
543 544 1.370000 6 0.840000
544 545 1.280000 3 0.860000
545 546 1.280000 3 0.860000
546 547 1.330000 4 0.870000
547 548 1.100000 5 0.780000
548 549 1.330000 4 0.870000
549 550 1.100000 5 0.780000
550 551 1.100000 5 0.780000
551 552 1.120000 7 0.860000
552 553 1.280000 3 0.860000
553 554 1.120000 7 0.860000
554 555 1.280000 3 0.860000
555 556 1.120000 7 0.860000
556 557 1.120000 7 0.860000
557 558 1.120000 7 0.860000
558 559 1.120000 7 0.860000
559 560 1.120000 7 0.860000
560 561 1.120000 7 0.860000
561 562 1.120000 7 0.860000
562 563 1.120000 7 0.860000
563 564 1.280000 3 0.860000
564 565 1.120000 7 0.860000
565 566 1.120000 7 0.860000
566 567 1.360000 3 0.890000
567 568 1.120000 7 0.860000
568 569 1.280000 3 0.860000
569 570 1.120000 7 0.860000
570 571 1.180000 8 0.740000
571 572 1.120000 7 0.860000
572 573 1.390000 2 0.810000
573 574 1.390000 2 0.810000
574 575 1.280000 3 0.860000
575 576 1.120000 8 0.730000
576 577 1.180000 8 0.740000
577 578 1.320000 6 0.840000
578 579 1.320000 6 0.840000
579 580 1.280000 3 0.860000
580 581 1.360000 7 0.810000
581 582 1.320000 6 0.840000
582 583 1.280000 3 0.860000
583 584 1.360000 7 0.810000
584 585 1.320000 6 0.840000
585 586 1.280000 3 0.610000
586 587 1.370000 7 0.650000
587 588 1.360000 7 0.810000
588 589 1.360000 7 0.810000
589 590 1.360000 7 0.810000
590 591 1.360000 7 0.810000
591 592 1.360000 7 0.810000
592 593 1.360000 7 0.810000
593 594 1.360000 7 0.810000
594 595 1.360000 7 0.810000
595 596 1.170000 2 0.830000
596 597 1.360000 7 0.810000
597 598 1.240000 8 0.850000
598 599 1.390000 2 0.810000
599 600 1.350000 7 0.650000
600 601 1.380000 8 0.840000
601 602 1.380000 8 0.840000
602 603 1.360000 7 0.810000
603 604 1.360000 7 0.810000
604 605 1.240000 7 0.650000
605 606 1.140000 6 0.680000
606 607 1.100000 5 0.780000
607 608 1.100000 5 0.780000
608 609 1.380000 8 0.840000
609 610 1.380000 8 0.840000
610 611 1.380000 8 0.840000
611 612 1.380000 8 0.840000
612 613 1.380000 8 0.840000
613 614 1.380000 8 0.840000
614 615 1.380000 8 0.840000
615 616 1.380000 8 0.840000
616 617 1.380000 8 0.840000
617 618 1.380000 8 0.840000
618 619 1.380000 8 0.840000
619 620 1.380000 8 0.840000
620 621 1.380000 8 0.840000
621 622 1.250000 7 0.620000
622 623 1.170000 2 0.830000
623 624 1.170000 2 0.830000
624 625 1.380000 8 0.840000
625 626 1.380000 8 0.840000
626 627 1.380000 8 0.840000
627 628 1.380000 8 0.840000
628 629 1.380000 8 0.840000
629 630 1.320000 6 0.840000
630 631 1.380000 8 0.840000
631 632 1.350000 7 0.650000
632 633 1.380000 8 0.840000
633 634 1.350000 7 0.650000
634 635 1.350000 7 0.650000
635 636 1.380000 8 0.840000
636 637 1.360000 7 0.810000
637 638 1.350000 7 0.650000
638 639 1.380000 8 0.840000
639 640 1.380000 8 0.840000
640 641 1.380000 8 0.840000
641 642 1.380000 8 0.840000
642 643 1.330000 8 0.670000
643 644 1.330000 8 0.670000
644 645 1.180000 8 0.740000
645 646 1.180000 8 0.740000
646 647 1.300000 6 0.740000
647 648 1.330000 8 0.670000
648 649 1.180000 8 0.740000
649 650 1.180000 8 0.740000
650 651 1.180000 8 0.740000
651 652 1.180000 8 0.740000
652 653 1.320000 6 0.840000
653 654 1.330000 8 0.670000
654 655 1.320000 6 0.840000
655 656 1.240000 7 0.650000
656 657 1.240000 7 0.650000
657 658 1.330000 8 0.670000
658 659 1.250000 8 0.870000
659 660 1.180000 8 0.740000
660 661 1.380000 8 0.840000
661 662 1.140000 6 0.680000
662 663 1.330000 8 0.670000
663 664 1.330000 8 0.670000
664 665 1.330000 8 0.670000
665 666 1.330000 8 0.670000
666 667 1.330000 8 0.670000
667 668 1.320000 7 0.690000
668 669 1.100000 5 0.780000
669 670 1.320000 6 0.840000
670 671 1.100000 5 0.780000
671 672 1.360000 7 0.810000
672 673 1.360000 7 0.810000
673 674 1.360000 7 0.810000
674 675 1.360000 7 0.810000
675 676 1.340000 7 0.750000
676 677 1.240000 8 0.850000
677 678 1.100000 5 0.780000
678 679 1.330000 8 0.670000
679 680 1.100000 5 0.780000
680 681 1.100000 5 0.780000
681 682 1.100000 5 0.780000
682 683 1.330000 8 0.670000
683 684 1.330000 8 0.670000
684 685 1.330000 8 0.670000
685 686 1.380000 6 0.870000
686 687 1.240000 7 0.650000
687 688 1.380000 6 0.870000
688 689 1.360000 7 0.810000
689 690 1.360000 7 0.810000
690 691 1.330000 8 0.670000
691 692 1.330000 8 0.670000
692 693 1.330000 8 0.670000
693 694 1.330000 8 0.670000
694 695 1.330000 8 0.670000
695 696 1.380000 8 0.840000
696 697 1.380000 8 0.840000
697 698 1.380000 8 0.840000
698 699 1.330000 8 0.670000
699 700 1.240000 8 0.850000
700 701 1.320000 6 0.840000
701 702 1.280000 3 0.610000
702 703 1.150000 4 0.770000
703 704 1.320000 7 0.690000
704 705 1.280000 3 0.610000
705 706 1.130000 8 0.780000
706 707 1.120000 7 0.860000
707 708 1.320000 6 0.840000
708 709 1.140000 6 0.680000
709 710 1.230000 7 0.690000
710 711 1.370000 6 0.840000
711 712 1.320000 6 0.840000
712 713 1.380000 8 0.840000
713 714 1.100000 5 0.780000
714 715 1.320000 6 0.840000
715 716 1.250000 8 0.870000
716 717 1.320000 6 0.840000
717 718 1.320000 7 0.690000
718 719 1.320000 7 0.690000
719 720 1.330000 8 0.670000
720 721 1.330000 8 0.670000
721 722 1.140000 6 0.680000
722 723 1.330000 8 0.670000
723 724 1.360000 7 0.810000
724 725 1.330000 8 0.670000
725 726 1.330000 8 0.670000
726 727 1.330000 8 0.670000
727 728 1.330000 8 0.670000
728 729 1.350000 7 0.650000
729 730 1.140000 6 0.680000
730 731 1.330000 8 0.670000
731 732 1.100000 5 0.780000
732 733 1.320000 7 0.690000
733 734 1.360000 7 0.810000
734 735 1.330000 8 0.670000
735 736 1.330000 8 0.670000
736 737 1.240000 7 0.650000
737 738 1.330000 8 0.670000
738 739 1.320000 6 0.710000
739 740 1.380000 8 0.840000
740 741 1.330000 8 0.670000
741 742 1.380000 8 0.840000
742 743 1.380000 8 0.840000
743 744 1.370000 6 0.840000
744 745 1.280000 3 0.610000
745 746 1.380000 8 0.840000
746 747 1.380000 8 0.840000
747 748 1.220000 7 0.630000
748 749 1.240000 8 0.850000
749 750 1.190000 2 0.660000
750 751 1.380000 8 0.840000
751 752 1.330000 8 0.670000
752 753 1.330000 8 0.670000
753 754 1.330000 8 0.670000
754 755 1.320000 6 0.840000
755 756 1.240000 8 0.850000
756 757 1.320000 6 0.710000
757 758 1.330000 8 0.670000
758 759 1.170000 3 0.670000
759 760 1.380000 8 0.840000
760 761 1.360000 7 0.810000
761 762 1.210000 3 0.610000
762 763 1.330000 8 0.670000
763 764 1.380000 8 0.840000
764 765 1.380000 8 0.840000
765 766 1.320000 7 0.690000
766 767 1.320000 7 0.690000
767 768 1.330000 8 0.670000
768 769 1.330000 8 0.670000
769 770 1.330000 8 0.670000
770 771 1.320000 7 0.690000
771 772 1.330000 8 0.670000
772 773 1.100000 5 0.780000
773 774 1.330000 8 0.670000
774 775 1.100000 5 0.780000
775 776 1.330000 8 0.670000
776 777 1.380000 8 0.840000
777 778 1.340000 7 0.750000
778 779 1.240000 7 0.650000
779 780 1.180000 8 0.740000
780 781 1.180000 8 0.740000
781 782 1.240000 7 0.770000
782 783 1.240000 7 0.770000
783 784 1.180000 8 0.740000
784 785 1.380000 8 0.840000
785 786 1.230000 4 0.700000
786 787 1.220000 7 0.630000
787 788 1.370000 6 0.840000
788 789 1.380000 8 0.840000
789 790 1.320000 6 0.840000
790 791 1.200000 5 0.700000
791 792 1.240000 7 0.770000
792 793 1.340000 7 0.750000
793 794 1.380000 8 0.840000
794 795 1.100000 5 0.780000
795 796 1.320000 6 0.840000
796 797 1.330000 8 0.670000
797 798 1.380000 8 0.840000
798 799 1.380000 8 0.840000
799 800 1.320000 7 0.690000
800 801 1.320000 7 0.690000
801 802 1.340000 7 0.750000
802 803 1.380000 8 0.840000
803 804 1.100000 5 0.780000
804 805 1.330000 8 0.670000
805 806 1.330000 8 0.670000
806 807 1.330000 8 0.670000
807 808 1.240000 8 0.850000
808 809 1.210000 3 0.610000
809 810 1.360000 3 0.810000
810 811 1.320000 2 0.730000
811 812 1.330000 8 0.670000
812 813 1.330000 8 0.670000
813 814 1.380000 8 0.840000
814 815 1.240000 7 0.650000
815 816 1.240000 7 0.650000
816 817 1.130000 6 0.600000
817 818 1.320000 6 0.840000
818 819 1.320000 7 0.690000
819 820 1.330000 8 0.670000
820 821 1.330000 8 0.670000
821 822 1.330000 8 0.670000
822 823 1.330000 8 0.670000
823 824 1.330000 8 0.670000
824 825 1.100000 5 0.780000
825 826 1.360000 7 0.810000
826 827 1.100000 5 0.780000
827 828 1.100000 5 0.780000
828 829 1.330000 8 0.670000
829 830 1.330000 8 0.670000
830 831 1.240000 7 0.650000
831 832 1.330000 8 0.670000
832 833 1.330000 8 0.670000
833 834 1.330000 8 0.670000
834 835 1.330000 8 0.670000
835 836 1.330000 8 0.670000
836 837 1.100000 5 0.780000
837 838 1.320000 7 0.690000
838 839 1.330000 8 0.670000
839 840 1.240000 8 0.850000
840 841 1.380000 8 0.840000
841 842 1.380000 8 0.840000
842 843 1.320000 7 0.690000
843 844 1.380000 8 0.840000
844 845 1.380000 8 0.840000
845 846 1.380000 8 0.840000
846 847 1.220000 7 0.630000
847 848 1.320000 2 0.730000
848 849 1.180000 8 0.740000
849 850 1.240000 8 0.850000
850 851 1.370000 6 0.840000
851 852 1.370000 6 0.840000
852 853 1.370000 6 0.840000
853 854 1.380000 8 0.840000
854 855 1.320000 7 0.690000
855 856 1.380000 8 0.840000
856 857 1.320000 6 0.840000
857 858 1.320000 6 0.840000
858 859 1.320000 6 0.840000
859 860 1.320000 6 0.840000
860 861 1.330000 8 0.670000
861 862 1.330000 8 0.670000
862 863 1.320000 6 0.840000
863 864 1.320000 6 0.840000
864 865 1.380000 8 0.840000
865 866 1.350000 7 0.650000
866 867 1.380000 8 0.840000
867 868 1.380000 8 0.840000
868 869 1.330000 8 0.670000
869 870 1.330000 8 0.670000
870 871 1.330000 8 0.670000
871 872 1.380000 8 0.840000
872 873 1.380000 8 0.840000
873 874 1.380000 8 0.840000
874 875 1.100000 5 0.780000
875 876 1.330000 8 0.670000
876 877 1.100000 5 0.780000
877 878 1.360000 7 0.810000
878 879 1.360000 7 0.810000
879 880 1.330000 8 0.670000
880 881 1.330000 8 0.670000
881 882 1.330000 8 0.670000
882 883 1.330000 8 0.670000
883 884 1.240000 7 0.650000
884 885 1.360000 7 0.810000
885 886 1.330000 8 0.670000
886 887 1.100000 5 0.780000
887 888 1.330000 8 0.670000
888 889 1.320000 7 0.690000
889 890 1.100000 5 0.780000
890 891 1.100000 5 0.780000
891 892 1.320000 6 0.840000
892 893 1.360000 7 0.810000
893 894 1.360000 7 0.810000
894 895 1.240000 4 0.800000
895 896 1.330000 8 0.670000
896 897 1.240000 8 0.850000
897 898 1.160000 5 0.890000
898 899 1.240000 7 0.650000
899 900 1.240000 7 0.650000
900 901 1.330000 8 0.670000
901 902 1.240000 8 0.850000
902 903 1.380000 8 0.840000
903 904 1.380000 8 0.840000
904 905 1.350000 7 0.650000
905 906 1.200000 2 0.870000
906 907 1.380000 8 0.840000
907 908 1.380000 8 0.840000
908 909 1.330000 8 0.670000
909 910 1.350000 7 0.650000
910 911 1.100000 5 0.780000
911 912 1.320000 2 0.730000
912 913 1.130000 6 0.600000
913 914 1.280000 3 0.610000
914 915 1.280000 3 0.610000
915 916 1.180000 8 0.740000
916 917 1.370000 6 0.840000
917 918 1.120000 2 0.880000
918 919 1.180000 8 0.740000
919 920 1.100000 8 0.840000
920 921 1.240000 7 0.650000
921 922 1.200000 3 0.800000
922 923 1.200000 3 0.800000
923 924 1.360000 7 0.810000
924 925 1.320000 7 0.690000
925 926 1.390000 2 0.810000
926 927 1.320000 6 0.840000
927 928 1.360000 7 0.810000
928 929 1.360000 7 0.810000
929 930 1.370000 6 0.840000
930 931 1.180000 8 0.740000
931 932 1.170000 2 0.830000
932 933 1.180000 8 0.740000
933 934 1.320000 7 0.690000
934 935 1.370000 6 0.840000
935 936 1.130000 6 0.600000
936 937 1.100000 8 0.840000
937 938 1.240000 7 0.650000
938 939 1.130000 6 0.600000
939 940 1.120000 7 0.860000
940 941 1.380000 8 0.840000
941 942 1.350000 4 0.810000
942 943 1.360000 7 0.810000
943 944 1.280000 3 0.610000
944 945 1.330000 3 0.740000
945 946 1.330000 3 0.740000
946 947 1.130000 6 0.600000
947 948 1.220000 7 0.630000
948 949 1.330000 3 0.740000
949 950 1.100000 5 0.780000
950 951 1.230000 7 0.690000
951 952 1.370000 6 0.840000
952 953 1.180000 8 0.740000
953 954 1.180000 8 0.740000
954 955 1.360000 7 0.810000
955 956 1.200000 3 0.800000
956 957 1.200000 3 0.800000
957 958 1.200000 3 0.800000
958 959 1.370000 7 0.650000
959 960 1.370000 7 0.650000
960 961 1.370000 7 0.650000
961 962 1.100000 8 0.840000
962 963 1.370000 7 0.650000
963 964 1.100000 8 0.840000
964 965 1.100000 8 0.840000
965 966 1.100000 8 0.840000
966 967 1.370000 7 0.650000
967 968 1.370000 7 0.650000
968 969 1.100000 8 0.840000
969 970 1.380000 8 0.840000
970 971 1.360000 7 0.810000
971 972 1.170000 2 0.830000
972 973 1.180000 8 0.740000
973 974 1.180000 8 0.740000
974 975 1.100000 5 0.780000
975 976 1.380000 8 0.840000
976 977 1.380000 8 0.840000
977 978 1.180000 8 0.740000
978 979 1.280000 8 0.860000
979 980 1.130000 4 0.720000
980 981 1.200000 2 0.870000
981 982 1.100000 8 0.840000
982 983 1.100000 8 0.840000
983 984 1.350000 7 0.650000
984 985 1.370000 6 0.840000
985 986 1.100000 8 0.840000
986 987 1.100000 5 0.780000
987 988 1.180000 8 0.740000
988 989 1.200000 2 0.870000
989 990 1.180000 8 0.740000
990 991 1.180000 8 0.740000
991 992 1.280000 7 0.840000
992 993 1.360000 7 0.810000
993 994 1.360000 7 0.810000
994 995 1.390000 2 0.810000
995 996 1.380000 8 0.840000
996 997 1.330000 8 0.670000
997 998 1.380000 8 0.840000
998 999 1.240000 7 0.650000
999 1000 1.380000 8 0.840000
1000 1001 1.380000 8 0.840000
1001 1002 1.380000 8 0.840000
1002 1003 1.390000 2 0.810000
1003 1004 1.380000 8 0.840000
1004 1005 1.380000 8 0.840000
1005 1006 1.380000 8 0.840000
1006 1007 1.380000 8 0.840000
1007 1008 1.380000 8 0.840000
1008 1009 1.100000 5 0.780000
1009 1010 1.100000 5 0.780000
1010 1011 1.100000 5 0.780000
1011 1012 1.100000 5 0.780000
1012 1013 1.100000 5 0.780000
1013 1014 1.360000 7 0.810000
1014 1015 1.360000 7 0.810000
1015 1016 1.100000 5 0.780000
1016 1017 1.130000 3 0.860000
1017 1018 1.360000 7 0.810000
1018 1019 1.100000 5 0.780000
1019 1020 1.100000 5 0.780000
1020 1021 1.100000 5 0.780000
1021 1022 1.100000 5 0.780000
1022 1023 1.100000 5 0.780000
1023 1024 1.100000 5 0.780000
1024 1025 1.100000 5 0.780000
1025 1026 1.100000 5 0.780000
1026 1027 1.100000 5 0.780000
1027 1028 1.100000 5 0.780000
1028 1029 1.100000 5 0.780000
1029 1030 1.100000 5 0.780000
1030 1031 1.100000 5 0.780000
1031 1032 1.100000 5 0.780000
1032 1033 1.100000 5 0.780000
1033 1034 1.100000 5 0.780000
1034 1035 1.100000 5 0.780000
1035 1036 1.330000 8 0.670000
1036 1037 1.100000 5 0.780000
1037 1038 1.100000 5 0.780000
1038 1039 1.100000 5 0.780000
1039 1040 1.360000 7 0.810000
1040 1041 1.360000 7 0.810000
1041 1042 1.330000 8 0.670000
1042 1043 1.100000 5 0.780000
1043 1044 1.330000 8 0.670000
1044 1045 1.320000 7 0.690000
1045 1046 1.320000 7 0.690000
1046 1047 1.330000 8 0.670000
1047 1048 1.330000 8 0.670000
1048 1049 1.330000 8 0.670000
1049 1050 1.330000 8 0.670000
1050 1051 1.320000 6 0.840000
1051 1052 1.330000 8 0.670000
1052 1053 1.320000 6 0.840000
1053 1054 1.320000 7 0.690000
1054 1055 1.320000 7 0.690000
1055 1056 1.330000 3 0.720000
1056 1057 1.320000 6 0.840000
1057 1058 1.360000 7 0.810000
1058 1059 1.360000 7 0.810000
1059 1060 1.100000 5 0.780000
1060 1061 1.100000 5 0.780000
1061 1062 1.100000 5 0.780000
1062 1063 1.100000 5 0.780000
1063 1064 1.320000 6 0.840000
1064 1065 1.360000 7 0.810000
1065 1066 1.360000 7 0.810000
1066 1067 1.330000 8 0.670000
1067 1068 1.330000 8 0.670000
1068 1069 1.100000 5 0.780000
1069 1070 1.100000 5 0.780000
1070 1071 1.100000 5 0.780000
1071 1072 1.330000 8 0.670000
1072 1073 1.240000 7 0.650000
1073 1074 1.360000 7 0.810000
1074 1075 1.240000 7 0.650000
1075 1076 1.240000 7 0.650000
1076 1077 1.360000 7 0.810000
1077 1078 1.330000 8 0.670000
1078 1079 1.320000 7 0.690000
1079 1080 1.320000 7 0.690000
1080 1081 1.320000 7 0.690000
1081 1082 1.330000 8 0.670000
1082 1083 1.330000 8 0.670000
1083 1084 1.250000 8 0.690000
1084 1085 1.320000 7 0.690000
1085 1086 1.100000 5 0.780000
1086 1087 1.320000 7 0.690000
1087 1088 1.320000 7 0.690000
1088 1089 1.340000 7 0.750000
1089 1090 1.240000 8 0.850000
1090 1091 1.240000 7 0.650000
1091 1092 1.330000 8 0.670000
1092 1093 1.380000 8 0.840000
1093 1094 1.240000 8 0.850000
1094 1095 1.360000 7 0.810000
1095 1096 1.320000 6 0.840000
1096 1097 1.130000 3 0.860000
1097 1098 1.240000 8 0.850000
1098 1099 1.240000 8 0.850000
1099 1100 1.330000 8 0.670000
1100 1101 1.330000 8 0.670000
1101 1102 1.380000 8 0.840000
1102 1103 1.350000 7 0.650000
1103 1104 1.380000 8 0.840000
1104 1105 1.360000 7 0.810000
1105 1106 1.220000 7 0.630000
1106 1107 1.220000 7 0.630000
1107 1108 1.360000 7 0.810000
1108 1109 1.380000 8 0.840000
1109 1110 1.370000 6 0.840000
1110 1111 1.320000 6 0.840000
1111 1112 1.320000 6 0.840000
1112 1113 1.370000 6 0.840000
1113 1114 1.320000 6 0.840000
1114 1115 1.320000 6 0.840000
1115 1116 1.100000 5 0.780000
1116 1117 1.360000 7 0.810000
1117 1118 1.100000 5 0.780000
1118 1119 1.330000 8 0.670000
1119 1120 1.360000 7 0.810000
1120 1121 1.380000 8 0.840000
1121 1122 1.100000 5 0.780000
1122 1123 1.180000 8 0.740000
1123 1124 1.240000 7 0.650000
1124 1125 1.100000 5 0.780000
1125 1126 1.100000 5 0.780000
1126 1127 1.250000 8 0.870000
1127 1128 1.330000 8 0.670000
1128 1129 1.320000 7 0.690000
1129 1130 1.320000 6 0.840000
1130 1131 1.100000 5 0.780000
1131 1132 1.100000 5 0.780000
1132 1133 1.100000 5 0.780000
1133 1134 1.100000 5 0.780000
1134 1135 1.100000 5 0.780000
1135 1136 1.330000 8 0.670000
1136 1137 1.330000 8 0.670000
1137 1138 1.360000 7 0.810000
1138 1139 1.150000 3 0.780000
1139 1140 1.330000 8 0.670000
1140 1141 1.330000 8 0.670000
1141 1142 1.330000 8 0.670000
1142 1143 1.330000 8 0.670000
1143 1144 1.330000 8 0.670000
1144 1145 1.330000 8 0.670000
1145 1146 1.330000 8 0.670000
1146 1147 1.320000 6 0.840000
1147 1148 1.330000 8 0.670000
1148 1149 1.330000 8 0.670000
1149 1150 1.380000 8 0.840000
1150 1151 1.330000 8 0.670000
1151 1152 1.240000 7 0.650000
1152 1153 1.360000 7 0.810000
1153 1154 1.320000 6 0.840000
1154 1155 1.210000 3 0.610000
1155 1156 1.240000 7 0.650000
1156 1157 1.380000 8 0.840000
1157 1158 1.320000 6 0.710000
1158 1159 1.320000 6 0.840000
1159 1160 1.100000 5 0.780000
1160 1161 1.140000 6 0.680000
1161 1162 1.370000 6 0.840000
1162 1163 1.390000 2 0.810000
1163 1164 1.280000 3 0.860000
1164 1165 1.200000 5 0.700000
1165 1166 1.100000 8 0.840000
1166 1167 1.280000 7 0.800000
1167 1168 1.320000 6 0.710000
1168 1169 1.170000 3 0.670000
1169 1170 1.320000 6 0.840000
1170 1171 1.320000 6 0.840000
1171 1172 1.320000 6 0.840000
1172 1173 1.320000 6 0.710000
1173 1174 1.180000 8 0.740000
1174 1175 1.240000 7 0.650000
1175 1176 1.320000 6 0.840000
1176 1177 1.280000 3 0.860000
1177 1178 1.280000 3 0.860000
1178 1179 1.320000 6 0.840000
1179 1180 1.280000 3 0.860000
1180 1181 1.240000 7 0.770000
1181 1182 1.320000 6 0.840000
1182 1183 1.250000 7 0.620000
1183 1184 1.360000 7 0.810000
1184 1185 1.320000 6 0.840000
1185 1186 1.320000 6 0.840000
1186 1187 1.360000 7 0.810000
1187 1188 1.360000 7 0.810000
1188 1189 1.380000 8 0.840000
1189 1190 1.320000 6 0.840000
1190 1191 1.320000 6 0.840000
1191 1192 1.100000 5 0.780000
1192 1193 1.100000 5 0.780000
1193 1194 1.360000 7 0.810000
1194 1195 1.100000 5 0.780000
1195 1196 1.360000 7 0.810000
1196 1197 1.100000 5 0.780000
1197 1198 1.100000 5 0.780000
1198 1199 1.100000 5 0.780000
1199 1200 1.360000 7 0.810000
1200 1201 1.320000 6 0.840000
1201 1202 1.330000 8 0.670000
1202 1203 1.350000 7 0.650000
1203 1204 1.330000 8 0.670000
1204 1205 1.380000 8 0.840000
1205 1206 1.240000 7 0.650000
1206 1207 1.380000 8 0.840000
1207 1208 1.380000 8 0.840000
1208 1209 1.360000 7 0.810000
1209 1210 1.360000 7 0.810000
1210 1211 1.360000 7 0.810000
1211 1212 1.380000 8 0.840000
1212 1213 1.330000 8 0.670000
1213 1214 1.330000 8 0.670000
1214 1215 1.360000 7 0.810000
1215 1216 1.360000 7 0.810000
1216 1217 1.320000 6 0.840000
1217 1218 1.330000 8 0.670000
1218 1219 1.170000 2 0.650000
1219 1220 1.100000 5 0.780000
1220 1221 1.170000 3 0.670000
1221 1222 1.320000 6 0.840000
1222 1223 1.380000 8 0.840000
1223 1224 1.380000 8 0.840000
1224 1225 1.210000 3 0.610000
1225 1226 1.320000 6 0.840000
1226 1227 1.350000 7 0.650000
1227 1228 1.240000 7 0.650000
1228 1229 1.380000 8 0.840000
1229 1230 1.320000 6 0.840000
1230 1231 1.380000 8 0.840000
1231 1232 1.380000 8 0.840000
1232 1233 1.180000 8 0.740000
1233 1234 1.380000 8 0.840000
1234 1235 1.240000 8 0.850000
1235 1236 1.380000 8 0.840000
1236 1237 1.100000 5 0.780000
1237 1238 1.330000 8 0.670000
1238 1239 1.100000 5 0.780000
1239 1240 1.320000 7 0.690000
1240 1241 1.320000 7 0.690000
1241 1242 1.320000 7 0.690000
1242 1243 1.100000 5 0.780000
1243 1244 1.100000 5 0.780000
1244 1245 1.100000 5 0.780000
1245 1246 1.340000 7 0.750000
1246 1247 1.330000 8 0.670000
1247 1248 1.330000 8 0.670000
1248 1249 1.360000 7 0.810000
1249 1250 1.360000 7 0.810000
1250 1251 1.360000 7 0.810000
1251 1252 1.100000 5 0.780000
1252 1253 1.320000 6 0.840000
1253 1254 1.100000 5 0.780000
1254 1255 1.100000 5 0.780000
1255 1256 1.330000 8 0.670000
1256 1257 1.100000 5 0.780000
1257 1258 1.100000 5 0.780000
1258 1259 1.100000 5 0.780000
1259 1260 1.100000 5 0.780000
1260 1261 1.100000 5 0.780000
1261 1262 1.330000 8 0.670000
1262 1263 1.330000 8 0.670000
1263 1264 1.320000 7 0.690000
1264 1265 1.380000 8 0.840000
1265 1266 1.380000 8 0.840000
1266 1267 1.320000 7 0.690000
1267 1268 1.340000 7 0.750000
1268 1269 1.240000 7 0.650000
1269 1270 1.330000 8 0.670000
1270 1271 1.320000 6 0.840000
1271 1272 1.330000 8 0.670000
1272 1273 1.320000 6 0.840000
1273 1274 1.240000 8 0.850000
1274 1275 1.330000 8 0.670000
1275 1276 1.100000 5 0.780000
1276 1277 1.350000 7 0.650000
1277 1278 1.240000 8 0.850000
1278 1279 1.140000 6 0.680000
1279 1280 1.320000 6 0.840000
1280 1281 1.360000 7 0.810000
1281 1282 1.280000 3 0.610000
1282 1283 1.180000 8 0.740000
1283 1284 1.380000 8 0.840000
1284 1285 1.170000 3 0.670000
1285 1286 1.240000 7 0.650000
1286 1287 1.170000 3 0.670000
1287 1288 1.180000 8 0.740000
1288 1289 1.320000 6 0.840000
1289 1290 1.320000 6 0.840000
1290 1291 1.330000 8 0.670000
1291 1292 1.380000 8 0.840000
1292 1293 1.380000 8 0.840000
1293 1294 1.330000 8 0.670000
1294 1295 1.350000 7 0.650000
1295 1296 1.100000 5 0.780000
1296 1297 1.320000 6 0.840000
1297 1298 1.320000 7 0.690000
1298 1299 1.320000 7 0.690000
1299 1300 1.330000 8 0.670000
1300 1301 1.330000 8 0.670000
1301 1302 1.320000 7 0.690000
1302 1303 1.330000 8 0.670000
1303 1304 1.360000 7 0.810000
1304 1305 1.320000 7 0.690000
1305 1306 1.330000 8 0.670000
1306 1307 1.330000 8 0.670000
1307 1308 1.330000 8 0.670000
1308 1309 1.330000 8 0.670000
1309 1310 1.320000 7 0.690000
1310 1311 1.320000 7 0.690000
1311 1312 1.320000 7 0.690000
1312 1313 1.330000 8 0.670000
1313 1314 1.330000 8 0.670000
1314 1315 1.330000 8 0.670000
1315 1316 1.240000 7 0.650000
1316 1317 1.330000 8 0.670000
1317 1318 1.240000 8 0.850000
1318 1319 1.320000 6 0.840000
1319 1320 1.380000 8 0.840000
1320 1321 1.380000 8 0.840000
1321 1322 1.380000 8 0.840000
1322 1323 1.380000 8 0.840000
1323 1324 1.380000 8 0.840000
1324 1325 1.220000 7 0.630000
1325 1326 1.380000 8 0.840000
1326 1327 1.380000 8 0.840000
1327 1328 1.370000 6 0.840000
1328 1329 1.380000 8 0.840000
1329 1330 1.380000 8 0.840000
1330 1331 1.320000 6 0.840000
1331 1332 1.380000 8 0.840000
1332 1333 1.330000 8 0.670000
1333 1334 1.330000 8 0.670000
1334 1335 1.330000 8 0.670000
1335 1336 1.360000 7 0.810000
1336 1337 1.100000 5 0.780000
1337 1338 1.330000 8 0.670000
1338 1339 1.140000 6 0.680000
1339 1340 1.100000 5 0.780000
1340 1341 1.100000 5 0.780000
1341 1342 1.240000 8 0.850000
1342 1343 1.240000 8 0.850000
1343 1344 1.100000 5 0.780000
1344 1345 1.320000 6 0.840000
1345 1346 1.320000 6 0.840000
1346 1347 1.320000 6 0.840000
1347 1348 1.320000 6 0.710000
1348 1349 1.170000 3 0.670000
1349 1350 1.320000 6 0.840000
1350 1351 1.320000 6 0.840000
1351 1352 1.320000 6 0.840000
1352 1353 1.320000 6 0.710000
1353 1354 1.320000 6 0.710000
1354 1355 1.240000 7 0.650000
1355 1356 1.240000 7 0.650000
1356 1357 1.320000 6 0.840000
1357 1358 1.320000 6 0.840000
1358 1359 1.320000 6 0.840000
1359 1360 1.280000 7 0.840000
1360 1361 1.280000 7 0.840000
1361 1362 1.320000 6 0.840000
1362 1363 1.320000 6 0.840000
1363 1364 1.330000 8 0.670000
1364 1365 1.330000 8 0.670000
1365 1366 1.330000 8 0.670000
1366 1367 1.330000 8 0.670000
1367 1368 1.320000 6 0.840000
1368 1369 1.240000 8 0.850000
1369 1370 1.320000 6 0.840000
1370 1371 1.360000 7 0.810000
1371 1372 1.320000 6 0.840000
1372 1373 1.320000 6 0.840000
1373 1374 1.320000 6 0.840000
1374 1375 1.320000 6 0.840000
1375 1376 1.330000 8 0.670000
1376 1377 1.240000 8 0.850000
1377 1378 1.100000 5 0.780000
1378 1379 1.360000 7 0.810000
1379 1380 1.240000 8 0.850000
1380 1381 1.320000 6 0.840000
1381 1382 1.330000 8 0.670000
1382 1383 1.330000 8 0.670000
1383 1384 1.240000 8 0.850000
1384 1385 1.100000 5 0.780000
1385 1386 1.240000 8 0.850000
1386 1387 1.240000 8 0.850000
1387 1388 1.360000 7 0.810000
1388 1389 1.320000 6 0.840000
1389 1390 1.330000 8 0.670000
1390 1391 1.330000 8 0.670000
1391 1392 1.320000 6 0.840000
1392 1393 1.330000 8 0.670000
1393 1394 1.330000 8 0.670000
1394 1395 1.330000 8 0.670000
1395 1396 1.330000 8 0.670000
1396 1397 1.330000 8 0.670000
1397 1398 1.330000 8 0.670000
1398 1399 1.320000 2 0.730000
1399 1400 1.320000 6 0.840000
1400 1401 1.180000 8 0.740000
1401 1402 1.210000 3 0.610000
1402 1403 1.210000 3 0.610000
1403 1404 1.210000 3 0.610000
1404 1405 1.380000 8 0.840000
1405 1406 1.320000 6 0.840000
1406 1407 1.320000 6 0.840000
1407 1408 1.320000 6 0.840000
1408 1409 1.240000 7 0.650000
1409 1410 1.240000 7 0.650000
1410 1411 1.320000 6 0.840000
1411 1412 1.320000 6 0.840000
1412 1413 1.350000 7 0.650000
1413 1414 1.160000 5 0.890000
1414 1415 1.320000 6 0.840000
1415 1416 1.320000 6 0.840000
1416 1417 1.100000 8 0.840000
1417 1418 1.100000 8 0.840000
1418 1419 1.390000 2 0.810000
1419 1420 1.130000 6 0.600000
1420 1421 1.130000 6 0.600000
1421 1422 1.360000 7 0.810000
1422 1423 1.100000 8 0.840000
1423 1424 1.280000 3 0.860000
1424 1425 1.280000 3 0.860000
1425 1426 1.280000 3 0.860000
1426 1427 1.320000 6 0.840000
1427 1428 1.180000 8 0.740000
1428 1429 1.280000 3 0.860000
1429 1430 1.320000 6 0.840000
1430 1431 1.320000 6 0.840000
1431 1432 1.320000 6 0.840000
1432 1433 1.320000 6 0.840000
1433 1434 1.320000 6 0.840000
1434 1435 1.320000 6 0.840000
1435 1436 1.320000 6 0.840000
1436 1437 1.320000 6 0.840000
1437 1438 1.320000 6 0.840000
1438 1439 1.320000 6 0.840000
1439 1440 1.240000 7 0.650000
1440 1441 1.330000 8 0.670000
1441 1442 1.360000 7 0.810000
1442 1443 1.320000 6 0.840000
1443 1444 1.100000 5 0.780000
1444 1445 1.100000 5 0.780000
1445 1446 1.320000 6 0.840000
1446 1447 1.330000 8 0.670000
1447 1448 1.380000 6 0.870000
1448 1449 1.320000 6 0.840000
1449 1450 1.320000 6 0.840000
1450 1451 1.320000 6 0.840000
1451 1452 1.150000 5 0.680000
1452 1453 1.300000 6 0.740000
1453 1454 1.240000 7 0.650000
1454 1455 1.150000 5 0.680000
1455 1456 1.300000 6 0.740000
1456 1457 1.320000 6 0.840000
1457 1458 1.240000 8 0.850000
1458 1459 1.330000 8 0.670000
1459 1460 1.300000 6 0.740000
1460 1461 1.180000 8 0.740000
1461 1462 1.380000 8 0.840000
1462 1463 1.320000 6 0.840000
1463 1464 1.380000 8 0.840000
1464 1465 1.240000 7 0.650000
1465 1466 1.380000 8 0.840000
1466 1467 1.380000 8 0.840000
1467 1468 1.180000 8 0.740000
1468 1469 1.320000 6 0.840000
1469 1470 1.380000 8 0.840000
1470 1471 1.380000 8 0.840000
1471 1472 1.380000 8 0.840000
1472 1473 1.380000 8 0.840000
1473 1474 1.380000 8 0.840000
1474 1475 1.380000 8 0.840000
1475 1476 1.380000 8 0.840000
1476 1477 1.380000 8 0.840000
1477 1478 1.380000 8 0.840000
1478 1479 1.380000 8 0.840000
1479 1480 1.380000 8 0.840000
1480 1481 1.380000 8 0.840000
1481 1482 1.380000 8 0.840000
1482 1483 1.180000 8 0.740000
1483 1484 1.380000 8 0.840000
1484 1485 1.340000 7 0.750000
1485 1486 1.280000 3 0.860000
1486 1487 1.360000 7 0.810000
1487 1488 1.320000 2 0.730000
1488 1489 1.180000 8 0.740000
1489 1490 1.320000 6 0.710000
1490 1491 1.170000 3 0.670000
1491 1492 1.180000 8 0.740000
1492 1493 1.240000 7 0.650000
1493 1494 1.230000 2 0.600000
1494 1495 1.330000 3 0.740000
1495 1496 1.380000 8 0.840000
1496 1497 1.330000 3 0.740000
1497 1498 1.340000 7 0.750000
1498 1499 1.320000 6 0.840000
1499 1500 1.370000 7 0.650000
1500 1501 1.320000 6 0.840000
1501 1502 1.320000 6 0.840000
1502 1503 1.180000 8 0.740000
1503 1504 1.320000 3 0.770000
1504 1505 1.370000 6 0.840000
1505 1506 1.370000 6 0.840000
1506 1507 1.120000 7 0.860000
1507 1508 1.280000 3 0.860000
1508 1509 1.320000 7 0.690000
1509 1510 1.360000 3 0.890000
1510 1511 1.280000 3 0.860000
1511 1512 1.170000 5 0.840000
1512 1513 1.100000 5 0.780000
1513 1514 1.100000 5 0.780000
1514 1515 1.100000 5 0.780000
1515 1516 1.370000 6 0.840000
1516 1517 1.280000 3 0.860000
1517 1518 1.280000 5 0.690000
1518 1519 1.280000 3 0.860000
1519 1520 1.120000 7 0.860000
1520 1521 1.120000 7 0.860000
1521 1522 1.120000 7 0.860000
1522 1523 1.120000 7 0.860000
1523 1524 1.120000 7 0.860000
1524 1525 1.120000 7 0.860000
1525 1526 1.120000 7 0.860000
1526 1527 1.120000 7 0.860000
1527 1528 1.120000 7 0.860000
1528 1529 1.120000 7 0.860000
1529 1530 1.120000 7 0.860000
1530 1531 1.120000 7 0.860000
1531 1532 1.120000 7 0.860000
1532 1533 1.120000 7 0.860000
1533 1534 1.280000 3 0.860000
1534 1535 1.370000 6 0.840000
1535 1536 1.200000 2 0.870000
1536 1537 1.220000 7 0.680000
1537 1538 1.230000 7 0.690000
1538 1539 1.120000 7 0.860000
1539 1540 1.200000 2 0.870000
1540 1541 1.360000 3 0.890000
1541 1542 1.120000 7 0.860000
1542 1543 1.220000 7 0.630000
1543 1544 1.100000 5 0.780000
1544 1545 1.280000 3 0.860000
1545 1546 1.280000 3 0.860000
1546 1547 1.280000 3 0.860000
1547 1548 1.150000 4 0.820000
1548 1549 1.120000 7 0.860000
1549 1550 1.100000 5 0.780000
1550 1551 1.100000 5 0.780000
1551 1552 1.190000 4 0.670000
1552 1553 1.340000 2 0.790000
1553 1554 1.370000 6 0.840000
1554 1555 1.240000 7 0.770000
1555 1556 1.380000 8 0.840000
1556 1557 1.380000 8 0.840000
1557 1558 1.100000 8 0.840000
1558 1559 1.340000 2 0.790000
1559 1560 1.200000 8 0.750000
1560 1561 1.380000 8 0.840000
1561 1562 1.100000 8 0.840000
1562 1563 1.230000 5 0.790000
1563 1564 1.100000 8 0.840000
1564 1565 1.100000 8 0.840000
1565 1566 1.100000 8 0.840000
1566 1567 1.280000 3 0.860000
1567 1568 1.120000 7 0.860000
1568 1569 1.120000 7 0.860000
1569 1570 1.200000 8 0.750000
1570 1571 1.320000 6 0.840000
1571 1572 1.120000 7 0.860000
1572 1573 1.120000 7 0.860000
1573 1574 1.380000 8 0.840000
1574 1575 1.100000 8 0.840000
1575 1576 1.320000 6 0.860000
1576 1577 1.380000 8 0.840000
1577 1578 1.200000 8 0.750000
1578 1579 1.120000 7 0.860000
1579 1580 1.380000 8 0.840000
1580 1581 1.380000 8 0.840000
1581 1582 1.380000 8 0.840000
1582 1583 1.380000 8 0.840000
1583 1584 1.380000 8 0.840000
1584 1585 1.380000 8 0.840000
1585 1586 1.380000 8 0.840000
1586 1587 1.370000 6 0.840000
1587 1588 1.100000 8 0.840000
1588 1589 1.180000 7 0.860000
1589 1590 1.360000 7 0.810000
1590 1591 1.360000 7 0.810000
1591 1592 1.100000 8 0.840000
1592 1593 1.100000 8 0.840000
1593 1594 1.360000 7 0.810000
1594 1595 1.280000 3 0.860000
1595 1596 1.280000 3 0.860000
1596 1597 1.280000 3 0.860000
1597 1598 1.270000 8 0.790000
1598 1599 1.280000 3 0.610000
1599 1600 1.380000 8 0.840000
1600 1601 1.100000 8 0.840000
1601 1602 1.100000 5 0.780000
1602 1603 1.100000 8 0.840000
1603 1604 1.390000 2 0.810000
1604 1605 1.170000 2 0.830000
1605 1606 1.100000 8 0.840000
1606 1607 1.100000 8 0.840000
1607 1608 1.360000 7 0.810000
1608 1609 1.100000 8 0.840000
1609 1610 1.120000 7 0.860000
1610 1611 1.100000 8 0.840000
1611 1612 1.100000 8 0.840000
1612 1613 1.380000 8 0.840000
1613 1614 1.370000 6 0.840000
1614 1615 1.380000 8 0.840000
1615 1616 1.100000 8 0.840000
1616 1617 1.320000 6 0.840000
1617 1618 1.200000 8 0.750000
1618 1619 1.120000 7 0.860000
1619 1620 1.100000 8 0.840000
1620 1621 1.280000 7 0.840000
1621 1622 1.280000 7 0.840000
1622 1623 1.100000 8 0.840000
1623 1624 1.120000 7 0.860000
1624 1625 1.200000 8 0.750000
1625 1626 1.120000 7 0.860000
1626 1627 1.370000 6 0.840000
1627 1628 1.280000 3 0.860000
1628 1629 1.280000 3 0.860000
1629 1630 1.350000 7 0.650000
1630 1631 1.350000 7 0.650000
1631 1632 1.330000 3 0.740000
1632 1633 1.360000 3 0.890000
1633 1634 1.190000 4 0.670000
1634 1635 1.280000 3 0.860000
1635 1636 1.240000 7 0.650000
1636 1637 1.280000 3 0.860000
1637 1638 1.280000 3 0.860000
1638 1639 1.380000 6 0.870000
1639 1640 1.280000 3 0.860000
1640 1641 1.280000 3 0.860000
1641 1642 1.280000 3 0.860000
1642 1643 1.280000 3 0.860000
1643 1644 1.320000 6 0.840000
1644 1645 1.200000 8 0.750000
1645 1646 1.330000 3 0.720000
1646 1647 1.380000 8 0.840000
1647 1648 1.100000 8 0.840000
1648 1649 1.370000 6 0.840000
1649 1650 1.100000 8 0.840000
1650 1651 1.100000 8 0.840000
1651 1652 1.100000 8 0.840000
1652 1653 1.120000 7 0.860000
1653 1654 1.100000 8 0.840000
1654 1655 1.280000 3 0.860000
1655 1656 1.100000 8 0.840000
1656 1657 1.320000 6 0.840000
1657 1658 1.360000 3 0.890000
1658 1659 1.120000 7 0.860000
1659 1660 1.100000 8 0.840000
1660 1661 1.280000 3 0.860000
1661 1662 1.320000 6 0.840000
1662 1663 1.100000 8 0.840000
1663 1664 1.280000 7 0.840000
1664 1665 1.280000 7 0.840000
1665 1666 1.100000 8 0.840000
1666 1667 1.100000 5 0.780000
1667 1668 1.380000 8 0.840000
1668 1669 1.100000 5 0.780000
1669 1670 1.100000 5 0.780000
1670 1671 1.100000 5 0.780000
1671 1672 1.200000 2 0.870000
1672 1673 1.370000 6 0.840000
1673 1674 1.380000 8 0.840000
1674 1675 1.380000 8 0.840000
1675 1676 1.280000 7 0.840000
1676 1677 1.320000 6 0.840000
1677 1678 1.100000 8 0.840000
1678 1679 1.100000 8 0.840000
1679 1680 1.280000 3 0.860000
1680 1681 1.320000 6 0.840000
1681 1682 1.100000 8 0.840000
1682 1683 1.120000 7 0.860000
1683 1684 1.100000 8 0.840000
1684 1685 1.360000 5 0.610000
1685 1686 1.100000 8 0.840000
1686 1687 1.100000 8 0.840000
1687 1688 1.200000 8 0.750000
1688 1689 1.200000 8 0.750000
1689 1690 1.100000 5 0.780000
1690 1691 1.320000 6 0.840000
1691 1692 1.120000 7 0.860000
1692 1693 1.280000 3 0.860000
1693 1694 1.100000 8 0.840000
1694 1695 1.120000 7 0.860000
1695 1696 1.120000 7 0.860000
1696 1697 1.100000 5 0.780000
1697 1698 1.360000 3 0.890000
1698 1699 1.120000 7 0.860000
1699 1700 1.120000 7 0.860000
1700 1701 1.120000 7 0.860000
1701 1702 1.120000 7 0.860000
1702 1703 1.120000 7 0.860000
1703 1704 1.120000 7 0.860000
1704 1705 1.120000 7 0.860000
1705 1706 1.120000 7 0.860000
1706 1707 1.390000 2 0.810000
1707 1708 1.120000 7 0.860000
1708 1709 1.120000 7 0.860000
1709 1710 1.360000 3 0.890000
1710 1711 1.100000 5 0.780000
1711 1712 1.120000 7 0.860000
1712 1713 1.100000 8 0.840000
1713 1714 1.120000 7 0.860000
1714 1715 1.120000 7 0.860000
1715 1716 1.360000 5 0.610000
1716 1717 1.240000 5 0.710000
1717 1718 1.120000 7 0.860000
1718 1719 1.120000 7 0.860000
1719 1720 1.120000 7 0.860000
1720 1721 1.140000 6 0.680000
1721 1722 1.240000 5 0.710000
1722 1723 1.240000 5 0.710000
1723 1724 1.240000 5 0.710000
1724 1725 1.120000 7 0.860000
1725 1726 1.120000 7 0.860000
1726 1727 1.120000 7 0.860000
1727 1728 1.120000 7 0.860000
1728 1729 1.120000 7 0.860000
1729 1730 1.120000 7 0.860000
1730 1731 1.120000 7 0.860000
1731 1732 1.320000 6 0.840000
1732 1733 1.120000 7 0.860000
1733 1734 1.200000 8 0.750000
1734 1735 1.370000 6 0.840000
1735 1736 1.100000 8 0.840000
1736 1737 1.370000 6 0.840000
1737 1738 1.120000 7 0.860000
1738 1739 1.120000 7 0.860000
1739 1740 1.390000 2 0.810000
1740 1741 1.120000 7 0.860000
1741 1742 1.120000 7 0.860000
1742 1743 1.120000 7 0.860000
1743 1744 1.120000 7 0.860000
1744 1745 1.120000 7 0.860000
1745 1746 1.370000 6 0.840000
1746 1747 1.120000 7 0.860000
1747 1748 1.280000 3 0.860000
1748 1749 1.280000 3 0.860000
1749 1750 1.280000 3 0.860000
1750 1751 1.120000 7 0.860000
1751 1752 1.280000 3 0.860000
1752 1753 1.120000 7 0.860000
1753 1754 1.120000 7 0.860000
1754 1755 1.120000 7 0.860000
1755 1756 1.370000 6 0.840000
1756 1757 1.280000 3 0.860000
1757 1758 1.120000 7 0.860000
1758 1759 1.120000 7 0.860000
1759 1760 1.130000 4 0.720000
1760 1761 1.280000 7 0.840000
1761 1762 1.100000 8 0.840000
1762 1763 1.100000 8 0.840000
1763 1764 1.360000 7 0.810000
1764 1765 1.100000 5 0.780000
1765 1766 1.390000 2 0.810000
1766 1767 1.390000 2 0.810000
1767 1768 1.100000 5 0.780000
1768 1769 1.280000 3 0.860000
1769 1770 1.100000 5 0.780000
1770 1771 1.120000 7 0.860000
1771 1772 1.210000 3 0.820000
1772 1773 1.100000 8 0.840000
1773 1774 1.100000 8 0.840000
1774 1775 1.280000 3 0.860000
1775 1776 1.360000 7 0.810000
1776 1777 1.280000 3 0.860000
1777 1778 1.280000 3 0.860000
1778 1779 1.120000 7 0.860000
1779 1780 1.280000 3 0.860000
1780 1781 1.120000 7 0.860000
1781 1782 1.370000 6 0.840000
1782 1783 1.370000 6 0.840000
1783 1784 1.370000 6 0.840000
1784 1785 1.370000 6 0.840000
1785 1786 1.100000 8 0.840000
1786 1787 1.380000 6 0.870000
1787 1788 1.100000 8 0.840000
1788 1789 1.380000 8 0.840000
1789 1790 1.100000 8 0.840000
1790 1791 1.360000 3 0.890000
1791 1792 1.280000 3 0.860000
1792 1793 1.120000 7 0.860000
1793 1794 1.120000 7 0.860000
1794 1795 1.120000 7 0.860000
1795 1796 1.120000 7 0.860000
1796 1797 1.100000 5 0.780000
1797 1798 1.100000 5 0.780000
1798 1799 1.100000 5 0.780000
1799 1800 1.120000 7 0.860000
1800 1801 1.120000 7 0.860000
1801 1802 1.100000 5 0.780000
1802 1803 1.320000 6 0.840000
1803 1804 1.360000 7 0.810000
1804 1805 1.330000 3 0.740000
1805 1806 1.280000 3 0.860000
1806 1807 1.210000 3 0.820000
1807 1808 1.330000 4 0.870000
1808 1809 1.140000 6 0.680000
1809 1810 1.370000 6 0.840000
1810 1811 1.120000 7 0.860000
1811 1812 1.280000 3 0.860000
1812 1813 1.120000 7 0.860000
1813 1814 1.120000 7 0.860000
1814 1815 1.280000 3 0.860000
1815 1816 1.120000 7 0.860000
1816 1817 1.120000 7 0.860000
1817 1818 1.160000 3 0.820000
1818 1819 1.340000 8 0.630000
1819 1820 1.100000 8 0.840000
1820 1821 1.280000 3 0.860000
1821 1822 1.370000 6 0.840000
1822 1823 1.370000 6 0.840000
1823 1824 1.280000 3 0.860000
1824 1825 1.280000 3 0.860000
1825 1826 1.330000 4 0.870000
1826 1827 1.220000 7 0.680000
1827 1828 1.280000 3 0.860000
1828 1829 1.100000 5 0.780000
1829 1830 1.120000 7 0.860000
1830 1831 1.280000 3 0.860000
1831 1832 1.120000 7 0.860000
1832 1833 1.370000 6 0.840000
1833 1834 1.280000 3 0.860000
1834 1835 1.100000 5 0.780000
1835 1836 1.280000 3 0.860000
1836 1837 1.360000 7 0.810000
1837 1838 1.280000 3 0.860000
1838 1839 1.300000 6 0.740000
1839 1840 1.100000 5 0.780000
1840 1841 1.120000 7 0.860000
1841 1842 1.120000 7 0.860000
1842 1843 1.120000 7 0.860000
1843 1844 1.120000 7 0.860000
1844 1845 1.280000 3 0.860000
1845 1846 1.120000 7 0.860000
1846 1847 1.120000 7 0.860000
1847 1848 1.120000 7 0.860000
1848 1849 1.380000 8 0.840000
1849 1850 1.380000 8 0.840000
1850 1851 1.100000 8 0.840000
1851 1852 1.100000 5 0.780000
1852 1853 1.360000 7 0.810000
1853 1854 1.200000 3 0.800000
1854 1855 1.280000 3 0.860000
1855 1856 1.280000 3 0.860000
1856 1857 1.100000 5 0.780000
1857 1858 1.320000 5 0.640000
1858 1859 1.320000 6 0.840000
1859 1860 1.100000 5 0.780000
1860 1861 1.120000 7 0.860000
1861 1862 1.280000 3 0.860000
1862 1863 1.210000 3 0.820000
1863 1864 1.100000 5 0.780000
1864 1865 1.290000 6 0.740000
1865 1866 1.380000 8 0.840000
1866 1867 1.390000 2 0.810000
1867 1868 1.390000 2 0.810000
1868 1869 1.290000 5 0.650000
1869 1870 1.280000 3 0.860000
1870 1871 1.280000 3 0.860000
1871 1872 1.370000 6 0.840000
1872 1873 1.320000 3 0.690000
1873 1874 1.140000 6 0.680000
1874 1875 1.140000 6 0.680000
1875 1876 1.150000 5 0.680000
1876 1877 1.150000 5 0.680000
1877 1878 1.270000 6 0.730000
1878 1879 1.370000 6 0.840000
1879 1880 1.280000 3 0.860000
1880 1881 1.100000 5 0.780000
1881 1882 1.390000 2 0.810000
1882 1883 1.380000 4 0.690000
1883 1884 1.120000 7 0.860000
1884 1885 1.120000 7 0.860000
1885 1886 1.370000 6 0.840000
1886 1887 1.280000 3 0.860000
1887 1888 1.280000 3 0.860000
1888 1889 1.280000 3 0.860000
1889 1890 1.120000 7 0.860000
1890 1891 1.120000 7 0.860000
1891 1892 1.360000 5 0.610000
1892 1893 1.180000 8 0.780000
1893 1894 1.170000 2 0.830000
1894 1895 1.180000 8 0.740000
1895 1896 1.180000 8 0.740000
1896 1897 1.280000 3 0.860000
1897 1898 1.180000 8 0.780000
1898 1899 1.180000 8 0.740000
1899 1900 1.100000 5 0.780000
1900 1901 1.100000 5 0.780000
1901 1902 1.120000 7 0.860000
1902 1903 1.100000 5 0.780000
1903 1904 1.120000 7 0.860000
1904 1905 1.120000 7 0.860000
1905 1906 1.100000 8 0.840000
1906 1907 1.120000 7 0.860000
1907 1908 1.120000 7 0.860000
1908 1909 1.360000 5 0.610000
1909 1910 1.120000 7 0.860000
1910 1911 1.280000 3 0.860000
1911 1912 1.160000 5 0.890000
1912 1913 1.280000 3 0.860000
1913 1914 1.100000 8 0.840000
1914 1915 1.100000 8 0.840000
1915 1916 1.120000 7 0.860000
1916 1917 1.390000 2 0.810000
1917 1918 1.280000 3 0.860000
1918 1919 1.320000 6 0.840000
1919 1920 1.320000 6 0.840000
1920 1921 1.320000 6 0.840000
1921 1922 1.100000 8 0.840000
1922 1923 1.320000 6 0.840000
1923 1924 1.100000 8 0.840000
1924 1925 1.380000 4 0.690000
1925 1926 1.240000 8 0.850000
1926 1927 1.170000 3 0.670000
1927 1928 1.250000 8 0.870000
1928 1929 1.320000 6 0.840000
1929 1930 1.100000 8 0.840000
1930 1931 1.100000 8 0.840000
1931 1932 1.320000 6 0.840000
1932 1933 1.320000 6 0.840000
1933 1934 1.320000 6 0.840000
1934 1935 1.100000 8 0.840000
1935 1936 1.100000 8 0.840000
1936 1937 1.360000 3 0.890000
1937 1938 1.120000 7 0.860000
1938 1939 1.140000 6 0.680000
1939 1940 1.370000 6 0.840000
1940 1941 1.280000 3 0.680000
1941 1942 1.120000 7 0.860000
1942 1943 1.100000 8 0.840000
1943 1944 1.100000 8 0.840000
1944 1945 1.100000 8 0.840000
1945 1946 1.100000 8 0.840000
1946 1947 1.100000 8 0.840000
1947 1948 1.120000 7 0.860000
1948 1949 1.360000 3 0.890000
1949 1950 1.100000 5 0.780000
1950 1951 1.100000 8 0.840000
1951 1952 1.360000 7 0.810000
1952 1953 1.280000 3 0.860000
1953 1954 1.100000 8 0.840000
1954 1955 1.380000 8 0.840000
1955 1956 1.380000 8 0.840000
1956 1957 1.380000 8 0.840000
1957 1958 1.120000 7 0.860000
1958 1959 1.280000 3 0.860000
1959 1960 1.330000 6 0.860000
1960 1961 1.370000 6 0.840000
1961 1962 1.370000 6 0.840000
1962 1963 1.280000 3 0.860000
1963 1964 1.370000 6 0.840000
1964 1965 1.150000 4 0.820000
1965 1966 1.280000 3 0.860000
1966 1967 1.370000 6 0.840000
1967 1968 1.370000 6 0.840000
1968 1969 1.120000 7 0.860000
1969 1970 1.120000 7 0.860000
1970 1971 1.370000 6 0.840000
1971 1972 1.370000 6 0.840000
1972 1973 1.370000 6 0.840000
1973 1974 1.290000 6 0.740000
1974 1975 1.100000 5 0.780000
1975 1976 1.100000 8 0.840000
1976 1977 1.100000 8 0.840000
1977 1978 1.100000 5 0.780000
1978 1979 1.280000 3 0.860000
1979 1980 1.100000 5 0.780000
1980 1981 1.360000 7 0.810000
1981 1982 1.100000 8 0.840000
1982 1983 1.100000 8 0.840000
1983 1984 1.100000 8 0.840000
1984 1985 1.100000 8 0.840000
1985 1986 1.100000 5 0.780000
1986 1987 1.320000 5 0.640000
1987 1988 1.100000 8 0.840000
1988 1989 1.100000 8 0.840000
1989 1990 1.100000 5 0.780000
1990 1991 1.100000 8 0.840000
1991 1992 1.370000 7 0.650000
1992 1993 1.100000 8 0.840000
1993 1994 1.290000 6 0.740000
1994 1995 1.380000 7 0.630000
1995 1996 1.300000 6 0.740000
1996 1997 1.200000 2 0.870000
1997 1998 1.100000 5 0.780000
1998 1999 1.300000 6 0.740000
1999 2000 1.370000 6 0.840000
2000 2001 1.370000 6 0.840000
2001 2002 1.100000 5 0.780000
2002 2003 1.100000 5 0.780000
2003 2004 1.100000 5 0.780000
2004 2005 1.120000 7 0.860000
2005 2006 1.100000 5 0.780000
2006 2007 1.240000 7 0.650000
2007 2008 1.360000 7 0.810000
2008 2009 1.280000 3 0.860000
2009 2010 1.390000 2 0.810000
2010 2011 1.390000 2 0.810000
2011 2012 1.100000 8 0.840000
2012 2013 1.280000 3 0.860000
2013 2014 1.280000 3 0.860000
2014 2015 1.180000 8 0.740000
2015 2016 1.370000 6 0.840000
2016 2017 1.180000 8 0.740000
2017 2018 1.280000 3 0.860000
2018 2019 1.280000 3 0.860000
2019 2020 1.170000 3 0.670000
2020 2021 1.240000 8 0.850000
2021 2022 1.360000 7 0.810000
2022 2023 1.280000 3 0.860000
2023 2024 1.120000 7 0.860000
2024 2025 1.280000 3 0.860000
2025 2026 1.280000 3 0.860000
2026 2027 1.280000 3 0.610000
2027 2028 1.280000 3 0.860000
2028 2029 1.280000 3 0.860000
2029 2030 1.230000 7 0.690000
2030 2031 1.280000 3 0.860000
2031 2032 1.240000 7 0.650000
2032 2033 1.240000 7 0.650000
2033 2034 1.240000 7 0.650000
2034 2035 1.120000 7 0.860000
2035 2036 1.120000 7 0.860000
2036 2037 1.240000 7 0.650000
2037 2038 1.170000 2 0.830000
2038 2039 1.280000 3 0.680000
2039 2040 1.100000 8 0.840000
2040 2041 1.280000 3 0.860000
2041 2042 1.120000 7 0.860000
2042 2043 1.120000 7 0.860000
2043 2044 1.320000 6 0.840000
2044 2045 1.390000 2 0.810000
2045 2046 1.100000 8 0.840000
2046 2047 1.100000 8 0.840000
2047 2048 1.100000 8 0.840000
2048 2049 1.120000 7 0.860000
2049 2050 1.280000 3 0.860000
2050 2051 1.120000 7 0.860000
2051 2052 1.100000 8 0.840000
2052 2053 1.280000 3 0.860000
2053 2054 1.280000 3 0.860000
2054 2055 1.120000 7 0.860000
2055 2056 1.120000 7 0.860000
2056 2057 1.120000 7 0.860000
2057 2058 1.190000 4 0.670000
2058 2059 1.190000 4 0.670000
2059 2060 1.360000 3 0.830000
2060 2061 1.380000 7 0.630000
2061 2062 1.280000 3 0.860000
2062 2063 1.120000 7 0.860000
2063 2064 1.100000 5 0.780000
2064 2065 1.370000 6 0.840000
2065 2066 1.370000 6 0.840000
2066 2067 1.180000 8 0.740000
2067 2068 1.120000 7 0.860000
2068 2069 1.100000 5 0.780000
2069 2070 1.130000 5 0.650000
2070 2071 1.120000 7 0.860000
2071 2072 1.360000 5 0.610000
2072 2073 1.360000 5 0.610000
2073 2074 1.120000 7 0.860000
2074 2075 1.120000 7 0.860000
2075 2076 1.360000 5 0.610000
2076 2077 1.120000 7 0.860000
2077 2078 1.280000 3 0.860000
2078 2079 1.280000 3 0.860000
2079 2080 1.260000 8 0.730000
2080 2081 1.120000 7 0.860000
2081 2082 1.280000 3 0.860000
2082 2083 1.360000 7 0.810000
2083 2084 1.380000 4 0.690000
2084 2085 1.280000 3 0.860000
2085 2086 1.380000 8 0.840000
2086 2087 1.200000 8 0.750000
2087 2088 1.280000 3 0.860000
2088 2089 1.280000 3 0.860000
2089 2090 1.280000 3 0.860000
2090 2091 1.100000 5 0.780000
2091 2092 1.100000 8 0.840000
2092 2093 1.200000 8 0.750000
2093 2094 1.280000 3 0.860000
2094 2095 1.280000 3 0.860000
2095 2096 1.280000 3 0.860000
2096 2097 1.370000 6 0.840000
2097 2098 1.280000 3 0.860000
2098 2099 1.280000 3 0.860000
2099 2100 1.280000 3 0.860000
2100 2101 1.180000 8 0.740000
2101 2102 1.360000 7 0.810000
2102 2103 1.280000 3 0.860000
2103 2104 1.280000 3 0.860000
2104 2105 1.280000 3 0.860000
2105 2106 1.380000 7 0.630000
2106 2107 1.120000 7 0.860000
2107 2108 1.280000 3 0.860000
2108 2109 1.120000 7 0.860000
2109 2110 1.280000 3 0.860000
2110 2111 1.100000 8 0.840000
2111 2112 1.280000 3 0.860000
2112 2113 1.200000 8 0.750000
2113 2114 1.280000 3 0.860000
2114 2115 1.190000 4 0.670000
2115 2116 1.120000 7 0.860000
2116 2117 1.100000 8 0.840000
2117 2118 1.280000 3 0.860000
2118 2119 1.280000 3 0.860000
2119 2120 1.100000 8 0.840000
2120 2121 1.360000 7 0.810000
2121 2122 1.280000 3 0.860000
2122 2123 1.280000 3 0.860000
2123 2124 1.280000 3 0.860000
2124 2125 1.280000 3 0.860000
2125 2126 1.100000 8 0.840000
2126 2127 1.380000 7 0.630000
2127 2128 1.140000 7 0.700000
2128 2129 1.120000 7 0.860000
2129 2130 1.190000 4 0.670000
2130 2131 1.120000 7 0.860000
2131 2132 1.200000 8 0.750000
2132 2133 1.200000 8 0.750000
2133 2134 1.100000 8 0.840000
2134 2135 1.120000 7 0.860000
2135 2136 1.100000 8 0.840000
2136 2137 1.100000 8 0.840000
2137 2138 1.120000 7 0.860000
2138 2139 1.210000 3 0.820000
2139 2140 1.190000 4 0.670000
2140 2141 1.100000 8 0.840000
2141 2142 1.100000 8 0.840000
2142 2143 1.100000 8 0.840000
2143 2144 1.360000 7 0.810000
2144 2145 1.100000 8 0.840000
2145 2146 1.100000 8 0.840000
2146 2147 1.100000 8 0.840000
2147 2148 1.360000 7 0.810000
2148 2149 1.170000 8 0.800000
2149 2150 1.100000 8 0.840000
2150 2151 1.360000 7 0.810000
2151 2152 1.100000 8 0.840000
2152 2153 1.190000 4 0.670000
2153 2154 1.280000 3 0.860000
2154 2155 1.100000 8 0.840000
