0 1 1.360000 7 0.870000
1 2 1.350000 8 0.760000
2 3 1.200000 6 0.640000
3 4 1.180000 4 0.670000
4 5 1.260000 6 0.820000
5 6 1.190000 8 0.620000
6 7 1.150000 2 0.600000
7 8 1.150000 2 0.600000
8 9 1.150000 2 0.600000
9 10 1.150000 2 0.650000
10 11 1.150000 2 0.600000
11 12 1.150000 2 0.650000
12 13 1.260000 6 0.820000
13 14 1.360000 8 0.810000
14 15 1.260000 6 0.820000
15 16 1.260000 6 0.820000
16 17 1.230000 4 0.860000
17 18 1.260000 6 0.820000
18 19 1.360000 8 0.810000
19 20 1.360000 8 0.810000
20 21 1.260000 6 0.820000
21 22 1.150000 2 0.600000
22 23 1.230000 4 0.860000
23 24 1.160000 5 0.730000
24 25 1.160000 5 0.730000
25 26 1.260000 6 0.820000
26 27 1.260000 6 0.820000
27 28 1.260000 6 0.820000
28 29 1.240000 4 0.720000
29 30 1.260000 6 0.820000
30 31 1.260000 6 0.820000
31 32 1.170000 5 0.880000
32 33 1.150000 2 0.650000
33 34 1.260000 6 0.820000
34 35 1.260000 6 0.820000
35 36 1.150000 2 0.650000
36 37 1.150000 2 0.600000
37 38 1.150000 2 0.600000
38 39 1.190000 8 0.620000
39 40 1.190000 6 0.660000
40 41 1.260000 6 0.820000
41 42 1.150000 2 0.600000
42 43 1.150000 2 0.600000
43 44 1.150000 2 0.650000
44 45 1.250000 6 0.600000
45 46 1.260000 6 0.820000
46 47 1.320000 6 0.730000
47 48 1.150000 2 0.600000
48 49 1.390000 8 0.740000
49 50 1.270000 2 0.750000
50 51 1.360000 8 0.810000
51 52 1.330000 3 0.620000
52 53 1.260000 6 0.820000
53 54 1.290000 8 0.730000
54 55 1.150000 2 0.600000
55 56 1.260000 6 0.820000
56 57 1.260000 6 0.820000
57 58 1.260000 6 0.820000
58 59 1.390000 8 0.740000
59 60 1.370000 3 0.820000
60 61 1.320000 4 0.600000
61 62 1.260000 6 0.820000
62 63 1.230000 4 0.860000
63 64 1.360000 8 0.810000
64 65 1.390000 8 0.740000
65 66 1.390000 8 0.740000
66 67 1.240000 7 0.680000
67 68 1.220000 6 0.660000
68 69 1.390000 8 0.740000
69 70 1.260000 6 0.820000
70 71 1.360000 8 0.810000
71 72 1.360000 8 0.810000
72 73 1.260000 6 0.820000
73 74 1.260000 6 0.820000
74 75 1.260000 6 0.820000
75 76 1.260000 6 0.820000
76 77 1.260000 6 0.820000
77 78 1.260000 6 0.820000
78 79 1.260000 6 0.820000
79 80 1.260000 6 0.820000
80 81 1.320000 4 0.600000
81 82 1.390000 8 0.740000
82 83 1.390000 8 0.740000
83 84 1.260000 6 0.820000
84 85 1.390000 8 0.740000
85 86 1.230000 4 0.860000
86 87 1.260000 6 0.820000
87 88 1.230000 4 0.860000
88 89 1.160000 5 0.730000
89 90 1.100000 2 0.750000
90 91 1.160000 5 0.730000
91 92 1.230000 4 0.860000
92 93 1.150000 6 0.710000
93 94 1.230000 4 0.860000
94 95 1.140000 5 0.770000
95 96 1.260000 6 0.820000
96 97 1.260000 6 0.820000
97 98 1.350000 8 0.630000
98 99 1.220000 6 0.660000
99 100 1.360000 8 0.810000
100 101 1.360000 8 0.810000
101 102 1.320000 3 0.730000
102 103 1.260000 6 0.820000
103 104 1.260000 6 0.820000
104 105 1.390000 8 0.740000
105 106 1.390000 8 0.740000
106 107 1.330000 3 0.620000
107 108 1.260000 6 0.820000
108 109 1.350000 8 0.630000
109 110 1.220000 6 0.660000
110 111 1.260000 6 0.820000
111 112 1.150000 2 0.650000
112 113 1.390000 8 0.740000
113 114 1.390000 8 0.740000
114 115 1.390000 8 0.740000
115 116 1.160000 3 0.760000
116 117 1.330000 3 0.620000
117 118 1.260000 6 0.820000
118 119 1.150000 2 0.650000
119 120 1.260000 6 0.820000
120 121 1.330000 3 0.620000
121 122 1.220000 6 0.660000
122 123 1.260000 6 0.820000
123 124 1.200000 6 0.700000
124 125 1.150000 2 0.600000
125 126 1.150000 2 0.600000
126 127 1.260000 6 0.820000
127 128 1.220000 6 0.660000
128 129 1.260000 6 0.820000
129 130 1.260000 6 0.820000
130 131 1.230000 4 0.860000
131 132 1.220000 6 0.660000
132 133 1.230000 4 0.860000
133 134 1.260000 6 0.820000
134 135 1.390000 8 0.740000
135 136 1.150000 2 0.650000
136 137 1.220000 6 0.660000
137 138 1.260000 6 0.820000
138 139 1.390000 8 0.740000
139 140 1.260000 6 0.820000
140 141 1.260000 6 0.820000
141 142 1.150000 2 0.600000
142 143 1.330000 3 0.620000
143 144 1.260000 6 0.820000
144 145 1.120000 3 0.780000
145 146 1.120000 3 0.780000
146 147 1.260000 6 0.820000
147 148 1.150000 2 0.650000
148 149 1.190000 6 0.660000
149 150 1.300000 3 0.830000
150 151 1.340000 8 0.670000
151 152 1.390000 8 0.740000
152 153 1.150000 2 0.600000
153 154 1.230000 4 0.860000
154 155 1.260000 6 0.820000
155 156 1.290000 8 0.730000
156 157 1.290000 8 0.730000
157 158 1.260000 6 0.820000
158 159 1.390000 8 0.740000
159 160 1.190000 6 0.660000
160 161 1.160000 5 0.730000
161 162 1.260000 6 0.820000
162 163 1.260000 6 0.820000
163 164 1.260000 6 0.820000
164 165 1.230000 4 0.860000
165 166 1.260000 6 0.820000
166 167 1.260000 6 0.820000
167 168 1.260000 6 0.820000
168 169 1.110000 4 0.850000
169 170 1.260000 6 0.820000
170 171 1.260000 6 0.820000
171 172 1.260000 6 0.820000
172 173 1.370000 7 0.880000
173 174 1.260000 6 0.820000
174 175 1.130000 6 0.670000
175 176 1.390000 4 0.890000
176 177 1.150000 4 0.620000
177 178 1.230000 4 0.860000
178 179 1.260000 6 0.820000
179 180 1.130000 6 0.670000
180 181 1.130000 3 0.660000
181 182 1.250000 3 0.770000
182 183 1.180000 2 0.770000
183 184 1.190000 6 0.660000
184 185 1.230000 4 0.860000
185 186 1.260000 6 0.820000
186 187 1.270000 5 0.690000
187 188 1.200000 6 0.700000
188 189 1.390000 4 0.890000
189 190 1.390000 4 0.890000
190 191 1.270000 5 0.690000
191 192 1.170000 5 0.730000
192 193 1.260000 6 0.820000
193 194 1.260000 6 0.820000
194 195 1.260000 6 0.820000
195 196 1.150000 2 0.600000
196 197 1.150000 2 0.600000
197 198 1.150000 2 0.600000
198 199 1.100000 2 0.750000
199 200 1.260000 6 0.820000
200 201 1.150000 2 0.650000
201 202 1.260000 6 0.820000
202 203 1.260000 6 0.820000
203 204 1.390000 8 0.740000
204 205 1.140000 6 0.700000
205 206 1.260000 6 0.820000
206 207 1.260000 6 0.820000
207 208 1.260000 6 0.820000
208 209 1.260000 6 0.820000
209 210 1.190000 6 0.660000
210 211 1.150000 2 0.600000
211 212 1.230000 4 0.860000
212 213 1.230000 4 0.860000
213 214 1.370000 7 0.880000
214 215 1.190000 6 0.660000
215 216 1.150000 2 0.650000
216 217 1.260000 6 0.820000
217 218 1.150000 2 0.650000
218 219 1.260000 6 0.820000
219 220 1.160000 5 0.730000
220 221 1.230000 4 0.860000
221 222 1.230000 4 0.860000
222 223 1.150000 2 0.600000
223 224 1.150000 2 0.600000
224 225 1.170000 7 0.860000
225 226 1.260000 6 0.820000
226 227 1.360000 8 0.810000
227 228 1.260000 6 0.820000
228 229 1.150000 2 0.600000
229 230 1.260000 6 0.820000
230 231 1.190000 6 0.660000
231 232 1.260000 6 0.820000
232 233 1.360000 8 0.810000
233 234 1.320000 6 0.730000
234 235 1.260000 6 0.820000
235 236 1.260000 6 0.820000
236 237 1.260000 6 0.820000
237 238 1.260000 6 0.820000
238 239 1.230000 4 0.860000
239 240 1.230000 4 0.860000
240 241 1.230000 4 0.860000
241 242 1.260000 6 0.820000
242 243 1.150000 2 0.650000
243 244 1.230000 4 0.860000
244 245 1.260000 6 0.820000
245 246 1.360000 8 0.810000
246 247 1.360000 8 0.810000
247 248 1.370000 3 0.640000
248 249 1.190000 8 0.620000
249 250 1.150000 2 0.650000
250 251 1.390000 8 0.740000
251 252 1.360000 8 0.810000
252 253 1.140000 5 0.770000
253 254 1.190000 6 0.660000
254 255 1.230000 4 0.860000
255 256 1.120000 4 0.600000
256 257 1.230000 4 0.860000
257 258 1.150000 2 0.650000
258 259 1.220000 6 0.660000
259 260 1.370000 6 0.760000
260 261 1.260000 6 0.820000
261 262 1.260000 6 0.820000
262 263 1.320000 6 0.810000
263 264 1.320000 2 0.680000
264 265 1.390000 3 0.700000
265 266 1.260000 6 0.820000
266 267 1.220000 6 0.660000
267 268 1.320000 6 0.810000
268 269 1.260000 6 0.820000
269 270 1.260000 6 0.820000
270 271 1.130000 6 0.670000
271 272 1.130000 3 0.650000
272 273 1.120000 4 0.600000
273 274 1.220000 8 0.800000
274 275 1.390000 8 0.740000
275 276 1.260000 6 0.820000
276 277 1.360000 8 0.810000
277 278 1.200000 3 0.820000
278 279 1.190000 6 0.660000
279 280 1.290000 8 0.730000
280 281 1.190000 6 0.660000
281 282 1.260000 6 0.820000
282 283 1.360000 8 0.810000
283 284 1.150000 2 0.650000
284 285 1.260000 6 0.820000
285 286 1.330000 3 0.620000
286 287 1.260000 6 0.820000
287 288 1.260000 6 0.820000
288 289 1.260000 6 0.820000
289 290 1.120000 3 0.780000
290 291 1.260000 6 0.820000
291 292 1.150000 2 0.600000
292 293 1.270000 4 0.790000
293 294 1.150000 2 0.600000
294 295 1.270000 2 0.750000
295 296 1.260000 6 0.820000
296 297 1.260000 6 0.820000
297 298 1.150000 2 0.600000
298 299 1.150000 2 0.600000
299 300 1.150000 2 0.600000
300 301 1.150000 2 0.600000
301 302 1.190000 6 0.660000
302 303 1.190000 6 0.660000
303 304 1.320000 6 0.810000
304 305 1.260000 6 0.820000
305 306 1.150000 2 0.600000
306 307 1.370000 7 0.880000
307 308 1.390000 8 0.740000
308 309 1.160000 3 0.880000
309 310 1.260000 6 0.820000
310 311 1.370000 3 0.730000
311 312 1.390000 8 0.740000
312 313 1.260000 6 0.820000
313 314 1.360000 8 0.810000
314 315 1.260000 6 0.820000
315 316 1.340000 5 0.680000
316 317 1.390000 8 0.740000
317 318 1.260000 6 0.820000
318 319 1.260000 6 0.820000
319 320 1.390000 8 0.740000
320 321 1.360000 8 0.810000
321 322 1.360000 8 0.810000
322 323 1.150000 2 0.650000
323 324 1.200000 4 0.850000
324 325 1.150000 2 0.650000
325 326 1.150000 2 0.650000
326 327 1.210000 2 0.850000
327 328 1.190000 6 0.660000
328 329 1.390000 8 0.740000
329 330 1.390000 8 0.740000
330 331 1.390000 8 0.740000
331 332 1.220000 6 0.660000
332 333 1.390000 4 0.890000
333 334 1.260000 6 0.820000
334 335 1.260000 6 0.820000
335 336 1.260000 6 0.820000
336 337 1.260000 6 0.820000
337 338 1.140000 8 0.620000
338 339 1.190000 6 0.660000
339 340 1.190000 6 0.660000
340 341 1.360000 8 0.810000
341 342 1.230000 4 0.860000
342 343 1.260000 6 0.820000
343 344 1.350000 8 0.630000
344 345 1.170000 7 0.680000
345 346 1.150000 2 0.650000
346 347 1.150000 2 0.600000
347 348 1.190000 6 0.660000
348 349 1.260000 6 0.820000
349 350 1.260000 6 0.820000
350 351 1.390000 8 0.740000
351 352 1.260000 6 0.820000
352 353 1.190000 6 0.660000
353 354 1.390000 8 0.740000
354 355 1.260000 6 0.730000
355 356 1.360000 8 0.810000
356 357 1.260000 6 0.820000
357 358 1.230000 4 0.860000
358 359 1.230000 4 0.860000
359 360 1.290000 8 0.730000
360 361 1.390000 8 0.740000
361 362 1.390000 8 0.740000
362 363 1.260000 6 0.820000
363 364 1.390000 8 0.740000
364 365 1.260000 6 0.820000
365 366 1.390000 4 0.890000
366 367 1.390000 4 0.890000
367 368 1.260000 6 0.820000
368 369 1.230000 4 0.860000
369 370 1.230000 4 0.860000
370 371 1.260000 6 0.820000
371 372 1.230000 4 0.860000
372 373 1.230000 4 0.860000
373 374 1.230000 4 0.860000
374 375 1.150000 2 0.600000
375 376 1.230000 4 0.860000
376 377 1.260000 6 0.820000
377 378 1.150000 2 0.600000
378 379 1.160000 5 0.730000
379 380 1.190000 6 0.660000
380 381 1.260000 6 0.820000
381 382 1.260000 6 0.820000
382 383 1.260000 6 0.820000
383 384 1.190000 6 0.660000
384 385 1.260000 6 0.820000
385 386 1.260000 6 0.820000
386 387 1.260000 6 0.820000
387 388 1.360000 4 0.730000
388 389 1.150000 2 0.600000
389 390 1.230000 4 0.860000
390 391 1.230000 4 0.860000
391 392 1.260000 6 0.820000
392 393 1.150000 2 0.600000
393 394 1.390000 8 0.740000
394 395 1.240000 7 0.720000
395 396 1.270000 5 0.690000
396 397 1.230000 4 0.860000
397 398 1.230000 4 0.860000
398 399 1.230000 4 0.860000
399 400 1.230000 4 0.860000
400 401 1.240000 7 0.720000
401 402 1.260000 6 0.820000
402 403 1.360000 8 0.810000
403 404 1.260000 6 0.820000
404 405 1.100000 4 0.630000
405 406 1.390000 8 0.740000
406 407 1.360000 8 0.810000
407 408 1.360000 8 0.810000
408 409 1.260000 6 0.820000
409 410 1.360000 8 0.810000
410 411 1.230000 4 0.860000
411 412 1.230000 4 0.860000
412 413 1.190000 6 0.660000
413 414 1.150000 2 0.600000
414 415 1.190000 6 0.660000
415 416 1.150000 2 0.600000
416 417 1.130000 6 0.760000
417 418 1.240000 4 0.720000
418 419 1.230000 4 0.860000
419 420 1.230000 4 0.860000
420 421 1.230000 4 0.860000
421 422 1.260000 6 0.820000
422 423 1.390000 8 0.740000
423 424 1.230000 4 0.860000
424 425 1.230000 4 0.860000
425 426 1.350000 8 0.630000
426 427 1.270000 5 0.690000
427 428 1.270000 5 0.690000
428 429 1.200000 6 0.700000
429 430 1.100000 2 0.750000
430 431 1.320000 3 0.730000
431 432 1.260000 6 0.820000
432 433 1.260000 6 0.820000
433 434 1.150000 2 0.650000
434 435 1.230000 4 0.860000
435 436 1.390000 8 0.740000
436 437 1.220000 6 0.660000
437 438 1.270000 5 0.690000
438 439 1.390000 8 0.740000
439 440 1.160000 5 0.730000
440 441 1.260000 6 0.820000
441 442 1.260000 6 0.820000
442 443 1.160000 5 0.730000
443 444 1.260000 6 0.820000
444 445 1.390000 8 0.740000
445 446 1.190000 6 0.660000
446 447 1.390000 8 0.740000
447 448 1.320000 3 0.730000
448 449 1.200000 6 0.700000
449 450 1.260000 6 0.820000
450 451 1.260000 6 0.820000
451 452 1.260000 6 0.820000
452 453 1.260000 6 0.820000
453 454 1.260000 6 0.820000
454 455 1.150000 2 0.600000
455 456 1.260000 6 0.820000
456 457 1.160000 5 0.730000
457 458 1.150000 2 0.600000
458 459 1.150000 2 0.600000
459 460 1.150000 2 0.600000
460 461 1.150000 2 0.650000
461 462 1.260000 6 0.820000
462 463 1.280000 3 0.690000
463 464 1.300000 3 0.830000
464 465 1.190000 6 0.660000
465 466 1.350000 8 0.630000
466 467 1.190000 6 0.660000
467 468 1.360000 8 0.810000
468 469 1.150000 2 0.600000
469 470 1.150000 2 0.600000
470 471 1.330000 3 0.620000
471 472 1.390000 8 0.740000
472 473 1.260000 6 0.820000
473 474 1.370000 7 0.880000
474 475 1.260000 6 0.820000
475 476 1.260000 6 0.820000
476 477 1.260000 6 0.820000
477 478 1.190000 6 0.660000
478 479 1.190000 6 0.660000
479 480 1.230000 4 0.860000
480 481 1.390000 8 0.740000
481 482 1.390000 8 0.740000
482 483 1.230000 4 0.860000
483 484 1.260000 6 0.820000
484 485 1.200000 6 0.700000
485 486 1.160000 5 0.730000
486 487 1.150000 2 0.600000
487 488 1.330000 4 0.780000
488 489 1.260000 6 0.820000
489 490 1.320000 6 0.810000
490 491 1.280000 3 0.650000
491 492 1.360000 8 0.810000
492 493 1.390000 8 0.740000
493 494 1.390000 8 0.740000
494 495 1.280000 7 0.800000
495 496 1.260000 6 0.820000
496 497 1.260000 6 0.820000
497 498 1.260000 6 0.820000
498 499 1.260000 6 0.820000
499 500 1.100000 4 0.630000
500 501 1.260000 6 0.820000
501 502 1.390000 8 0.740000
502 503 1.260000 6 0.820000
503 504 1.160000 5 0.730000
504 505 1.390000 8 0.740000
505 506 1.260000 6 0.820000
506 507 1.150000 2 0.600000
507 508 1.260000 6 0.820000
508 509 1.150000 2 0.600000
509 510 1.260000 6 0.820000
510 511 1.260000 6 0.820000
511 512 1.260000 6 0.820000
512 513 1.390000 8 0.740000
513 514 1.260000 6 0.820000
514 515 1.260000 6 0.820000
515 516 1.260000 6 0.820000
516 517 1.390000 8 0.740000
517 518 1.260000 6 0.820000
518 519 1.190000 6 0.660000
519 520 1.260000 6 0.820000
520 521 1.280000 2 0.610000
521 522 1.140000 8 0.620000
522 523 1.150000 2 0.650000
523 524 1.190000 6 0.660000
524 525 1.190000 6 0.660000
525 526 1.150000 2 0.600000
526 527 1.120000 3 0.780000
527 528 1.260000 6 0.820000
528 529 1.120000 3 0.780000
529 530 1.120000 3 0.780000
530 531 1.260000 6 0.820000
531 532 1.390000 8 0.740000
532 533 1.270000 5 0.690000
533 534 1.150000 2 0.600000
534 535 1.120000 3 0.780000
535 536 1.240000 7 0.720000
536 537 1.140000 8 0.620000
537 538 1.240000 7 0.720000
538 539 1.150000 2 0.600000
539 540 1.240000 7 0.720000
540 541 1.360000 2 0.720000
541 542 1.390000 3 0.700000
542 543 1.200000 3 0.750000
543 544 1.200000 6 0.700000
544 545 1.200000 6 0.700000
545 546 1.120000 8 0.670000
546 547 1.120000 3 0.780000
547 548 1.120000 3 0.780000
548 549 1.390000 3 0.700000
549 550 1.120000 3 0.780000
550 551 1.160000 5 0.730000
551 552 1.390000 3 0.700000
552 553 1.120000 8 0.670000
553 554 1.230000 4 0.860000
554 555 1.190000 6 0.660000
555 556 1.240000 7 0.720000
556 557 1.130000 8 0.810000
557 558 1.390000 3 0.700000
558 559 1.190000 3 0.700000
559 560 1.240000 7 0.720000
560 561 1.240000 7 0.720000
561 562 1.390000 3 0.700000
562 563 1.240000 7 0.720000
563 564 1.390000 4 0.890000
564 565 1.120000 3 0.780000
565 566 1.290000 5 0.860000
566 567 1.100000 2 0.750000
567 568 1.100000 2 0.750000
568 569 1.240000 7 0.720000
569 570 1.160000 5 0.730000
570 571 1.160000 5 0.730000
571 572 1.390000 3 0.700000
572 573 1.390000 4 0.890000
573 574 1.120000 8 0.870000
574 575 1.260000 6 0.820000
575 576 1.260000 6 0.820000
576 577 1.260000 6 0.820000
577 578 1.150000 2 0.600000
578 579 1.150000 2 0.600000
579 580 1.160000 5 0.730000
580 581 1.390000 4 0.890000
581 582 1.390000 4 0.890000
582 583 1.390000 4 0.890000
583 584 1.260000 6 0.820000
584 585 1.390000 4 0.890000
585 586 1.120000 3 0.780000
586 587 1.390000 4 0.890000
587 588 1.120000 3 0.780000
588 589 1.120000 3 0.780000
589 590 1.230000 4 0.860000
590 591 1.230000 4 0.860000
591 592 1.200000 6 0.700000
592 593 1.190000 6 0.660000
593 594 1.150000 2 0.600000
594 595 1.190000 6 0.660000
595 596 1.240000 7 0.720000
596 597 1.310000 3 0.800000
597 598 1.190000 3 0.700000
598 599 1.320000 5 0.740000
599 600 1.360000 2 0.720000
600 601 1.290000 5 0.860000
601 602 1.240000 7 0.720000
602 603 1.260000 6 0.820000
603 604 1.360000 8 0.810000
604 605 1.240000 7 0.720000
605 606 1.120000 3 0.780000
606 607 1.390000 4 0.890000
607 608 1.390000 4 0.890000
608 609 1.120000 3 0.780000
609 610 1.180000 7 0.600000
610 611 1.240000 7 0.720000
611 612 1.240000 7 0.720000
612 613 1.350000 8 0.630000
613 614 1.350000 8 0.630000
614 615 1.350000 3 0.790000
615 616 1.290000 5 0.860000
616 617 1.290000 5 0.860000
617 618 1.260000 6 0.820000
618 619 1.260000 6 0.820000
619 620 1.290000 5 0.860000
620 621 1.220000 6 0.660000
621 622 1.250000 6 0.830000
622 623 1.190000 3 0.700000
623 624 1.390000 8 0.740000
624 625 1.320000 2 0.680000
625 626 1.120000 3 0.780000
626 627 1.260000 6 0.820000
627 628 1.240000 7 0.720000
628 629 1.160000 3 0.880000
629 630 1.240000 7 0.720000
630 631 1.240000 7 0.720000
631 632 1.290000 5 0.860000
632 633 1.200000 6 0.700000
633 634 1.150000 8 0.860000
634 635 1.390000 4 0.890000
635 636 1.190000 6 0.660000
636 637 1.190000 6 0.660000
637 638 1.190000 6 0.660000
638 639 1.240000 7 0.720000
639 640 1.150000 2 0.600000
640 641 1.390000 4 0.890000
641 642 1.130000 8 0.810000
642 643 1.260000 6 0.820000
643 644 1.240000 7 0.720000
644 645 1.260000 6 0.820000
645 646 1.320000 5 0.740000
646 647 1.210000 8 0.730000
647 648 1.200000 6 0.700000
648 649 1.200000 6 0.700000
649 650 1.150000 8 0.860000
650 651 1.150000 8 0.860000
651 652 1.390000 4 0.890000
652 653 1.390000 4 0.890000
653 654 1.340000 5 0.770000
654 655 1.190000 4 0.630000
655 656 1.350000 4 0.800000
656 657 1.240000 7 0.780000
657 658 1.360000 2 0.720000
658 659 1.250000 6 0.830000
659 660 1.150000 2 0.600000
660 661 1.150000 2 0.600000
661 662 1.360000 2 0.720000
662 663 1.370000 4 0.800000
663 664 1.260000 6 0.820000
664 665 1.260000 6 0.820000
665 666 1.370000 7 0.880000
666 667 1.230000 4 0.860000
667 668 1.250000 6 0.830000
668 669 1.150000 2 0.600000
669 670 1.150000 2 0.600000
670 671 1.240000 7 0.720000
671 672 1.350000 3 0.790000
672 673 1.240000 7 0.720000
673 674 1.370000 4 0.800000
674 675 1.290000 5 0.860000
675 676 1.150000 8 0.860000
676 677 1.210000 8 0.730000
677 678 1.260000 6 0.820000
678 679 1.210000 8 0.730000
679 680 1.120000 3 0.780000
680 681 1.320000 6 0.810000
681 682 1.150000 2 0.600000
682 683 1.200000 6 0.700000
683 684 1.120000 3 0.780000
684 685 1.390000 4 0.890000
685 686 1.230000 4 0.860000
686 687 1.150000 2 0.600000
687 688 1.150000 2 0.600000
688 689 1.150000 2 0.600000
689 690 1.350000 3 0.790000
690 691 1.260000 6 0.820000
691 692 1.320000 5 0.740000
692 693 1.100000 2 0.750000
693 694 1.290000 5 0.860000
694 695 1.200000 6 0.700000
695 696 1.200000 6 0.700000
696 697 1.230000 4 0.860000
697 698 1.290000 5 0.860000
698 699 1.230000 4 0.860000
699 700 1.230000 4 0.860000
700 701 1.240000 7 0.720000
701 702 1.260000 6 0.820000
702 703 1.320000 6 0.810000
703 704 1.240000 7 0.720000
704 705 1.390000 3 0.700000
705 706 1.340000 4 0.850000
706 707 1.390000 8 0.740000
707 708 1.190000 8 0.620000
708 709 1.370000 6 0.760000
709 710 1.190000 6 0.660000
710 711 1.370000 6 0.760000
711 712 1.230000 3 0.610000
712 713 1.220000 6 0.660000
713 714 1.220000 5 0.820000
714 715 1.150000 2 0.650000
715 716 1.120000 3 0.780000
716 717 1.260000 6 0.820000
717 718 1.190000 6 0.660000
718 719 1.260000 6 0.820000
719 720 1.320000 5 0.740000
720 721 1.120000 3 0.780000
721 722 1.200000 6 0.700000
722 723 1.200000 6 0.700000
723 724 1.120000 3 0.780000
724 725 1.140000 8 0.620000
725 726 1.200000 6 0.700000
726 727 1.140000 8 0.620000
727 728 1.320000 6 0.810000
728 729 1.390000 3 0.700000
729 730 1.390000 3 0.700000
730 731 1.390000 3 0.700000
731 732 1.150000 8 0.860000
732 733 1.320000 6 0.750000
733 734 1.390000 3 0.700000
734 735 1.390000 4 0.890000
735 736 1.390000 4 0.890000
736 737 1.390000 4 0.890000
737 738 1.170000 7 0.860000
738 739 1.150000 2 0.600000
739 740 1.340000 5 0.770000
740 741 1.150000 2 0.600000
741 742 1.260000 6 0.820000
742 743 1.230000 4 0.860000
743 744 1.230000 4 0.860000
744 745 1.200000 6 0.700000
745 746 1.320000 6 0.810000
746 747 1.390000 4 0.890000
747 748 1.230000 4 0.860000
748 749 1.320000 6 0.750000
749 750 1.260000 6 0.820000
750 751 1.280000 5 0.810000
751 752 1.230000 4 0.860000
752 753 1.320000 5 0.740000
753 754 1.390000 4 0.890000
754 755 1.320000 2 0.680000
755 756 1.240000 7 0.740000
756 757 1.370000 7 0.880000
757 758 1.260000 6 0.820000
758 759 1.250000 6 0.830000
759 760 1.250000 6 0.830000
760 761 1.150000 2 0.600000
761 762 1.250000 6 0.830000
762 763 1.150000 2 0.650000
763 764 1.150000 2 0.600000
764 765 1.150000 2 0.650000
765 766 1.150000 8 0.870000
766 767 1.240000 7 0.720000
767 768 1.210000 8 0.730000
768 769 1.240000 7 0.720000
769 770 1.360000 8 0.810000
770 771 1.320000 3 0.730000
771 772 1.230000 4 0.860000
772 773 1.210000 8 0.730000
773 774 1.390000 3 0.700000
774 775 1.240000 7 0.720000
775 776 1.350000 4 0.800000
776 777 1.240000 7 0.720000
777 778 1.260000 6 0.820000
778 779 1.190000 6 0.660000
779 780 1.230000 4 0.860000
780 781 1.150000 2 0.650000
781 782 1.120000 3 0.780000
782 783 1.260000 6 0.820000
783 784 1.120000 3 0.780000
784 785 1.240000 7 0.720000
785 786 1.160000 5 0.730000
786 787 1.230000 3 0.820000
787 788 1.180000 7 0.600000
788 789 1.260000 6 0.730000
789 790 1.150000 2 0.600000
790 791 1.350000 8 0.630000
791 792 1.230000 4 0.860000
792 793 1.150000 2 0.600000
793 794 1.150000 8 0.860000
794 795 1.190000 6 0.660000
795 796 1.190000 6 0.660000
796 797 1.390000 4 0.890000
797 798 1.390000 4 0.890000
798 799 1.230000 4 0.860000
799 800 1.260000 6 0.820000
800 801 1.230000 4 0.860000
801 802 1.150000 2 0.600000
802 803 1.150000 2 0.600000
803 804 1.150000 2 0.600000
804 805 1.340000 5 0.770000
805 806 1.260000 6 0.820000
806 807 1.150000 2 0.600000
807 808 1.390000 4 0.890000
808 809 1.320000 3 0.730000
809 810 1.240000 7 0.740000
810 811 1.390000 4 0.890000
811 812 1.150000 2 0.600000
812 813 1.150000 2 0.600000
813 814 1.350000 8 0.630000
814 815 1.350000 3 0.790000
815 816 1.260000 6 0.820000
816 817 1.350000 8 0.630000
817 818 1.260000 6 0.820000
818 819 1.290000 5 0.860000
819 820 1.260000 6 0.820000
820 821 1.320000 5 0.740000
821 822 1.260000 6 0.820000
822 823 1.190000 6 0.660000
823 824 1.190000 6 0.660000
824 825 1.120000 3 0.780000
825 826 1.120000 3 0.780000
826 827 1.120000 3 0.780000
827 828 1.200000 6 0.700000
828 829 1.120000 8 0.870000
829 830 1.170000 7 0.860000
830 831 1.200000 6 0.700000
831 832 1.210000 8 0.730000
832 833 1.200000 6 0.640000
833 834 1.140000 7 0.870000
834 835 1.150000 2 0.650000
835 836 1.180000 4 0.670000
836 837 1.180000 4 0.670000
837 838 1.210000 8 0.650000
838 839 1.350000 6 0.690000
839 840 1.180000 4 0.670000
840 841 1.320000 3 0.730000
841 842 1.320000 3 0.730000
842 843 1.120000 3 0.780000
843 844 1.260000 6 0.820000
844 845 1.260000 6 0.820000
845 846 1.320000 3 0.730000
846 847 1.230000 4 0.860000
847 848 1.160000 5 0.730000
848 849 1.320000 3 0.730000
849 850 1.320000 3 0.730000
850 851 1.320000 3 0.730000
851 852 1.200000 6 0.700000
852 853 1.100000 2 0.750000
853 854 1.100000 2 0.750000
854 855 1.320000 3 0.730000
855 856 1.200000 6 0.700000
856 857 1.230000 4 0.860000
857 858 1.320000 3 0.730000
858 859 1.170000 5 0.730000
859 860 1.150000 2 0.600000
860 861 1.230000 4 0.860000
861 862 1.260000 6 0.820000
862 863 1.200000 6 0.700000
863 864 1.220000 6 0.660000
864 865 1.360000 7 0.870000
865 866 1.150000 2 0.600000
866 867 1.260000 6 0.820000
867 868 1.390000 8 0.740000
868 869 1.260000 6 0.820000
869 870 1.160000 5 0.730000
870 871 1.330000 3 0.620000
871 872 1.180000 4 0.670000
872 873 1.260000 6 0.820000
873 874 1.360000 2 0.720000
874 875 1.220000 6 0.660000
875 876 1.130000 4 0.880000
876 877 1.180000 4 0.670000
877 878 1.130000 4 0.880000
878 879 1.180000 4 0.670000
879 880 1.220000 6 0.660000
880 881 1.180000 4 0.670000
881 882 1.190000 3 0.700000
882 883 1.180000 4 0.670000
883 884 1.180000 4 0.670000
884 885 1.100000 2 0.750000
885 886 1.180000 4 0.670000
886 887 1.180000 4 0.670000
887 888 1.150000 2 0.650000
888 889 1.210000 8 0.730000
889 890 1.210000 8 0.730000
890 891 1.120000 8 0.670000
891 892 1.310000 2 0.780000
892 893 1.240000 7 0.720000
893 894 1.150000 2 0.600000
894 895 1.320000 6 0.810000
895 896 1.240000 7 0.720000
896 897 1.320000 6 0.810000
897 898 1.320000 6 0.810000
898 899 1.200000 6 0.700000
899 900 1.380000 6 0.700000
900 901 1.390000 4 0.890000
901 902 1.200000 6 0.700000
902 903 1.120000 8 0.670000
903 904 1.100000 2 0.750000
904 905 1.160000 5 0.730000
905 906 1.190000 6 0.660000
906 907 1.100000 2 0.750000
907 908 1.160000 5 0.730000
908 909 1.320000 3 0.730000
909 910 1.100000 2 0.750000
910 911 1.170000 7 0.860000
911 912 1.190000 6 0.660000
912 913 1.320000 3 0.730000
913 914 1.190000 6 0.660000
914 915 1.210000 8 0.730000
915 916 1.150000 2 0.650000
916 917 1.390000 8 0.740000
917 918 1.220000 6 0.660000
918 919 1.390000 8 0.740000
919 920 1.390000 8 0.740000
920 921 1.370000 6 0.760000
921 922 1.260000 6 0.820000
922 923 1.260000 6 0.820000
923 924 1.320000 6 0.810000
924 925 1.350000 3 0.790000
925 926 1.120000 8 0.670000
926 927 1.180000 4 0.670000
927 928 1.150000 2 0.600000
928 929 1.390000 4 0.890000
929 930 1.390000 4 0.890000
930 931 1.160000 5 0.730000
931 932 1.390000 4 0.890000
932 933 1.190000 6 0.660000
933 934 1.150000 2 0.600000
934 935 1.350000 2 0.600000
935 936 1.390000 4 0.890000
936 937 1.160000 5 0.730000
937 938 1.190000 6 0.660000
938 939 1.160000 5 0.730000
939 940 1.320000 6 0.750000
940 941 1.190000 3 0.700000
941 942 1.350000 3 0.790000
942 943 1.290000 6 0.870000
943 944 1.200000 6 0.700000
944 945 1.200000 6 0.700000
945 946 1.320000 6 0.750000
946 947 1.320000 6 0.750000
947 948 1.290000 5 0.860000
948 949 1.250000 6 0.830000
949 950 1.250000 6 0.830000
950 951 1.290000 5 0.860000
951 952 1.320000 6 0.750000
952 953 1.160000 5 0.730000
953 954 1.250000 6 0.830000
954 955 1.250000 6 0.830000
955 956 1.250000 6 0.830000
956 957 1.250000 6 0.830000
957 958 1.240000 7 0.780000
958 959 1.150000 2 0.600000
959 960 1.290000 5 0.860000
960 961 1.350000 3 0.790000
961 962 1.250000 6 0.830000
962 963 1.260000 6 0.730000
963 964 1.320000 6 0.750000
964 965 1.150000 2 0.600000
965 966 1.150000 2 0.600000
966 967 1.150000 2 0.600000
967 968 1.150000 2 0.600000
968 969 1.350000 8 0.630000
969 970 1.350000 3 0.790000
970 971 1.150000 2 0.600000
971 972 1.320000 6 0.750000
972 973 1.100000 2 0.880000
973 974 1.190000 3 0.700000
974 975 1.260000 6 0.730000
975 976 1.320000 3 0.620000
976 977 1.150000 2 0.600000
977 978 1.230000 4 0.860000
978 979 1.140000 7 0.770000
979 980 1.250000 6 0.830000
980 981 1.310000 3 0.800000
981 982 1.250000 6 0.830000
982 983 1.320000 6 0.750000
983 984 1.250000 6 0.830000
984 985 1.250000 6 0.830000
985 986 1.320000 6 0.750000
986 987 1.390000 4 0.890000
987 988 1.240000 7 0.720000
988 989 1.150000 2 0.600000
989 990 1.380000 3 0.650000
990 991 1.260000 6 0.820000
991 992 1.350000 3 0.790000
992 993 1.320000 6 0.750000
993 994 1.280000 5 0.810000
994 995 1.290000 5 0.860000
995 996 1.290000 5 0.860000
996 997 1.390000 4 0.890000
997 998 1.370000 6 0.760000
998 999 1.350000 2 0.600000
999 1000 1.390000 4 0.890000
1000 1001 1.240000 7 0.720000
1001 1002 1.150000 2 0.650000
1002 1003 1.290000 5 0.860000
1003 1004 1.320000 5 0.740000
1004 1005 1.340000 5 0.770000
1005 1006 1.190000 6 0.660000
1006 1007 1.150000 2 0.650000
1007 1008 1.330000 8 0.720000
1008 1009 1.150000 2 0.650000
1009 1010 1.390000 8 0.740000
1010 1011 1.210000 8 0.730000
1011 1012 1.380000 4 0.730000
1012 1013 1.230000 4 0.860000
1013 1014 1.230000 4 0.860000
1014 1015 1.360000 8 0.810000
1015 1016 1.320000 3 0.730000
1016 1017 1.260000 6 0.820000
1017 1018 1.120000 3 0.780000
1018 1019 1.120000 3 0.780000
1019 1020 1.190000 6 0.660000
1020 1021 1.240000 7 0.720000
1021 1022 1.240000 7 0.720000
1022 1023 1.150000 2 0.650000
1023 1024 1.240000 4 0.720000
1024 1025 1.190000 6 0.660000
1025 1026 1.230000 4 0.860000
1026 1027 1.390000 4 0.890000
1027 1028 1.390000 4 0.890000
1028 1029 1.390000 4 0.890000
1029 1030 1.390000 4 0.890000
1030 1031 1.390000 4 0.890000
1031 1032 1.230000 4 0.860000
1032 1033 1.150000 2 0.600000
1033 1034 1.190000 4 0.630000
1034 1035 1.160000 5 0.730000
1035 1036 1.270000 5 0.690000
1036 1037 1.260000 6 0.820000
1037 1038 1.290000 5 0.860000
1038 1039 1.190000 5 0.710000
1039 1040 1.240000 7 0.720000
1040 1041 1.320000 6 0.810000
1041 1042 1.250000 6 0.830000
1042 1043 1.230000 4 0.860000
1043 1044 1.250000 6 0.830000
1044 1045 1.240000 7 0.720000
1045 1046 1.240000 7 0.720000
1046 1047 1.160000 5 0.730000
1047 1048 1.320000 6 0.810000
1048 1049 1.320000 6 0.810000
1049 1050 1.390000 4 0.890000
1050 1051 1.240000 7 0.720000
1051 1052 1.130000 3 0.650000
1052 1053 1.260000 6 0.820000
1053 1054 1.250000 3 0.690000
1054 1055 1.220000 5 0.820000
1055 1056 1.320000 6 0.810000
1056 1057 1.390000 8 0.740000
1057 1058 1.320000 6 0.810000
1058 1059 1.260000 6 0.820000
1059 1060 1.260000 6 0.820000
1060 1061 1.390000 8 0.740000
1061 1062 1.360000 8 0.810000
1062 1063 1.190000 6 0.660000
1063 1064 1.150000 2 0.600000
1064 1065 1.150000 2 0.600000
1065 1066 1.150000 2 0.600000
1066 1067 1.260000 6 0.820000
1067 1068 1.260000 6 0.820000
1068 1069 1.260000 6 0.820000
1069 1070 1.260000 6 0.820000
1070 1071 1.180000 8 0.650000
1071 1072 1.390000 8 0.740000
1072 1073 1.180000 4 0.670000
1073 1074 1.390000 8 0.740000
1074 1075 1.150000 2 0.650000
1075 1076 1.230000 4 0.860000
1076 1077 1.260000 6 0.820000
1077 1078 1.230000 4 0.860000
1078 1079 1.120000 3 0.780000
1079 1080 1.260000 6 0.820000
1080 1081 1.150000 2 0.600000
1081 1082 1.390000 8 0.740000
1082 1083 1.390000 8 0.740000
1083 1084 1.390000 8 0.740000
1084 1085 1.170000 7 0.860000
1085 1086 1.230000 4 0.860000
1086 1087 1.350000 4 0.800000
1087 1088 1.350000 4 0.800000
1088 1089 1.170000 7 0.860000
1089 1090 1.260000 6 0.820000
1090 1091 1.290000 5 0.860000
1091 1092 1.260000 6 0.820000
1092 1093 1.150000 2 0.600000
1093 1094 1.190000 6 0.660000
1094 1095 1.350000 3 0.790000
1095 1096 1.370000 7 0.880000
1096 1097 1.320000 5 0.740000
1097 1098 1.210000 8 0.730000
1098 1099 1.210000 8 0.730000
1099 1100 1.150000 2 0.600000
1100 1101 1.200000 6 0.700000
1101 1102 1.390000 4 0.890000
1102 1103 1.120000 3 0.780000
1103 1104 1.120000 3 0.780000
1104 1105 1.120000 3 0.780000
1105 1106 1.360000 2 0.720000
1106 1107 1.340000 5 0.770000
1107 1108 1.240000 7 0.720000
1108 1109 1.320000 5 0.740000
1109 1110 1.260000 6 0.820000
1110 1111 1.350000 3 0.790000
1111 1112 1.240000 7 0.720000
1112 1113 1.320000 5 0.740000
1113 1114 1.240000 7 0.720000
1114 1115 1.160000 3 0.880000
1115 1116 1.260000 6 0.820000
1116 1117 1.190000 6 0.660000
1117 1118 1.320000 5 0.740000
1118 1119 1.350000 2 0.600000
1119 1120 1.120000 3 0.780000
1120 1121 1.240000 7 0.720000
1121 1122 1.320000 6 0.810000
1122 1123 1.240000 7 0.720000
1123 1124 1.210000 7 0.860000
1124 1125 1.320000 7 0.700000
1125 1126 1.320000 7 0.700000
1126 1127 1.370000 6 0.760000
1127 1128 1.240000 7 0.720000
1128 1129 1.260000 6 0.820000
1129 1130 1.350000 3 0.790000
1130 1131 1.340000 4 0.640000
1131 1132 1.350000 3 0.790000
1132 1133 1.350000 3 0.790000
1133 1134 1.350000 3 0.790000
1134 1135 1.250000 6 0.830000
1135 1136 1.250000 6 0.830000
1136 1137 1.340000 5 0.770000
1137 1138 1.120000 8 0.670000
1138 1139 1.150000 2 0.600000
1139 1140 1.150000 2 0.600000
1140 1141 1.190000 4 0.630000
1141 1142 1.260000 6 0.820000
1142 1143 1.150000 2 0.650000
1143 1144 1.190000 6 0.660000
1144 1145 1.390000 4 0.890000
1145 1146 1.320000 5 0.740000
1146 1147 1.150000 2 0.600000
1147 1148 1.260000 6 0.820000
1148 1149 1.290000 5 0.860000
1149 1150 1.290000 5 0.860000
1150 1151 1.390000 3 0.700000
1151 1152 1.390000 3 0.700000
1152 1153 1.390000 3 0.700000
1153 1154 1.260000 6 0.820000
1154 1155 1.390000 3 0.700000
1155 1156 1.260000 6 0.820000
1156 1157 1.260000 6 0.820000
1157 1158 1.250000 6 0.830000
1158 1159 1.390000 4 0.890000
1159 1160 1.150000 2 0.600000
1160 1161 1.150000 2 0.600000
1161 1162 1.250000 6 0.830000
1162 1163 1.250000 6 0.830000
1163 1164 1.260000 6 0.820000
1164 1165 1.350000 8 0.630000
1165 1166 1.390000 8 0.740000
1166 1167 1.180000 4 0.670000
1167 1168 1.210000 8 0.730000
1168 1169 1.370000 6 0.760000
1169 1170 1.240000 7 0.720000
1170 1171 1.150000 2 0.650000
1171 1172 1.230000 4 0.860000
1172 1173 1.320000 6 0.810000
1173 1174 1.120000 8 0.670000
1174 1175 1.200000 6 0.700000
1175 1176 1.390000 4 0.890000
1176 1177 1.170000 7 0.860000
1177 1178 1.190000 6 0.660000
1178 1179 1.260000 6 0.820000
1179 1180 1.350000 3 0.790000
1180 1181 1.250000 6 0.830000
1181 1182 1.230000 4 0.860000
1182 1183 1.150000 2 0.600000
1183 1184 1.260000 6 0.820000
1184 1185 1.350000 3 0.790000
1185 1186 1.290000 5 0.860000
1186 1187 1.290000 5 0.860000
1187 1188 1.150000 2 0.600000
1188 1189 1.150000 2 0.600000
1189 1190 1.260000 6 0.820000
1190 1191 1.230000 4 0.860000
1191 1192 1.210000 8 0.730000
1192 1193 1.210000 8 0.730000
1193 1194 1.320000 6 0.810000
1194 1195 1.200000 6 0.700000
1195 1196 1.200000 6 0.700000
1196 1197 1.390000 4 0.890000
1197 1198 1.390000 3 0.700000
1198 1199 1.390000 3 0.700000
1199 1200 1.150000 2 0.600000
1200 1201 1.260000 6 0.820000
1201 1202 1.260000 6 0.820000
1202 1203 1.260000 6 0.820000
1203 1204 1.270000 5 0.690000
1204 1205 1.230000 4 0.860000
1205 1206 1.120000 3 0.780000
1206 1207 1.390000 4 0.890000
1207 1208 1.150000 2 0.600000
1208 1209 1.390000 4 0.890000
1209 1210 1.390000 4 0.890000
1210 1211 1.150000 2 0.600000
1211 1212 1.150000 2 0.600000
1212 1213 1.150000 2 0.600000
1213 1214 1.250000 6 0.830000
1214 1215 1.160000 5 0.730000
1215 1216 1.160000 5 0.730000
1216 1217 1.150000 2 0.600000
1217 1218 1.150000 2 0.600000
1218 1219 1.150000 2 0.600000
1219 1220 1.190000 4 0.630000
1220 1221 1.190000 4 0.630000
1221 1222 1.320000 5 0.740000
1222 1223 1.320000 5 0.740000
1223 1224 1.210000 8 0.730000
1224 1225 1.250000 3 0.690000
1225 1226 1.290000 5 0.860000
1226 1227 1.150000 2 0.600000
1227 1228 1.250000 6 0.830000
1228 1229 1.250000 6 0.830000
1229 1230 1.340000 5 0.770000
1230 1231 1.150000 2 0.600000
1231 1232 1.290000 5 0.860000
1232 1233 1.150000 2 0.600000
1233 1234 1.230000 4 0.860000
1234 1235 1.230000 4 0.860000
1235 1236 1.230000 4 0.860000
1236 1237 1.150000 2 0.600000
1237 1238 1.150000 2 0.600000
1238 1239 1.120000 3 0.780000
1239 1240 1.120000 3 0.780000
1240 1241 1.150000 2 0.600000
1241 1242 1.120000 3 0.780000
1242 1243 1.120000 3 0.780000
1243 1244 1.150000 2 0.600000
1244 1245 1.360000 2 0.720000
1245 1246 1.190000 5 0.710000
1246 1247 1.230000 4 0.860000
1247 1248 1.260000 6 0.820000
1248 1249 1.310000 3 0.800000
1249 1250 1.250000 6 0.830000
1250 1251 1.370000 7 0.880000
1251 1252 1.250000 6 0.830000
1252 1253 1.200000 3 0.750000
1253 1254 1.260000 6 0.820000
1254 1255 1.230000 5 0.770000
1255 1256 1.250000 6 0.830000
1256 1257 1.280000 5 0.810000
1257 1258 1.260000 6 0.730000
1258 1259 1.260000 6 0.820000
1259 1260 1.260000 6 0.730000
1260 1261 1.250000 6 0.830000
1261 1262 1.150000 2 0.600000
1262 1263 1.150000 2 0.600000
1263 1264 1.290000 5 0.860000
1264 1265 1.290000 5 0.860000
1265 1266 1.260000 6 0.820000
1266 1267 1.260000 6 0.820000
1267 1268 1.290000 5 0.860000
1268 1269 1.320000 5 0.880000
1269 1270 1.260000 6 0.820000
1270 1271 1.260000 6 0.820000
1271 1272 1.260000 6 0.820000
1272 1273 1.350000 3 0.790000
1273 1274 1.290000 5 0.860000
1274 1275 1.130000 8 0.810000
1275 1276 1.260000 6 0.820000
1276 1277 1.350000 2 0.600000
1277 1278 1.130000 8 0.810000
1278 1279 1.150000 2 0.600000
1279 1280 1.150000 2 0.600000
1280 1281 1.130000 8 0.810000
1281 1282 1.150000 2 0.600000
1282 1283 1.130000 8 0.810000
1283 1284 1.390000 4 0.890000
1284 1285 1.130000 8 0.810000
1285 1286 1.120000 3 0.780000
1286 1287 1.120000 3 0.780000
1287 1288 1.390000 4 0.890000
1288 1289 1.390000 3 0.700000
1289 1290 1.150000 2 0.600000
1290 1291 1.240000 7 0.720000
1291 1292 1.150000 2 0.600000
1292 1293 1.150000 2 0.600000
1293 1294 1.150000 2 0.600000
1294 1295 1.150000 2 0.600000
1295 1296 1.150000 2 0.600000
1296 1297 1.150000 2 0.600000
1297 1298 1.230000 4 0.860000
1298 1299 1.150000 2 0.600000
1299 1300 1.230000 4 0.860000
1300 1301 1.150000 2 0.600000
1301 1302 1.150000 2 0.600000
1302 1303 1.150000 2 0.600000
1303 1304 1.120000 3 0.780000
1304 1305 1.150000 2 0.600000
1305 1306 1.200000 3 0.750000
1306 1307 1.350000 3 0.790000
1307 1308 1.150000 2 0.600000
1308 1309 1.150000 2 0.600000
1309 1310 1.350000 3 0.790000
1310 1311 1.120000 3 0.780000
1311 1312 1.150000 2 0.600000
1312 1313 1.230000 4 0.860000
1313 1314 1.150000 2 0.600000
1314 1315 1.120000 3 0.780000
1315 1316 1.150000 2 0.600000
1316 1317 1.150000 2 0.600000
1317 1318 1.150000 2 0.600000
1318 1319 1.150000 2 0.600000
1319 1320 1.150000 2 0.600000
1320 1321 1.150000 2 0.600000
1321 1322 1.230000 8 0.730000
1322 1323 1.260000 3 0.720000
1323 1324 1.120000 5 0.610000
1324 1325 1.130000 8 0.810000
1325 1326 1.240000 7 0.720000
1326 1327 1.230000 4 0.860000
1327 1328 1.320000 6 0.810000
1328 1329 1.250000 6 0.830000
1329 1330 1.230000 4 0.860000
1330 1331 1.150000 8 0.860000
1331 1332 1.150000 2 0.600000
1332 1333 1.150000 2 0.600000
1333 1334 1.230000 4 0.860000
1334 1335 1.250000 6 0.830000
1335 1336 1.230000 4 0.860000
1336 1337 1.130000 8 0.810000
1337 1338 1.230000 4 0.860000
1338 1339 1.260000 6 0.820000
1339 1340 1.390000 4 0.890000
1340 1341 1.150000 2 0.600000
1341 1342 1.390000 3 0.700000
1342 1343 1.390000 4 0.890000
1343 1344 1.240000 7 0.720000
1344 1345 1.390000 4 0.890000
1345 1346 1.390000 4 0.890000
1346 1347 1.260000 6 0.820000
1347 1348 1.240000 7 0.720000
1348 1349 1.150000 2 0.600000
1349 1350 1.230000 4 0.860000
1350 1351 1.120000 3 0.780000
1351 1352 1.120000 3 0.780000
1352 1353 1.320000 3 0.730000
1353 1354 1.390000 4 0.890000
1354 1355 1.230000 4 0.860000
1355 1356 1.390000 4 0.890000
1356 1357 1.160000 5 0.730000
1357 1358 1.340000 3 0.670000
1358 1359 1.100000 2 0.750000
1359 1360 1.320000 6 0.730000
1360 1361 1.200000 6 0.700000
1361 1362 1.230000 4 0.860000
1362 1363 1.200000 6 0.700000
1363 1364 1.150000 2 0.600000
1364 1365 1.230000 4 0.860000
1365 1366 1.390000 8 0.740000
1366 1367 1.230000 4 0.860000
1367 1368 1.200000 6 0.700000
1368 1369 1.390000 8 0.740000
1369 1370 1.120000 8 0.870000
1370 1371 1.180000 4 0.670000
1371 1372 1.180000 4 0.670000
1372 1373 1.180000 4 0.670000
1373 1374 1.390000 8 0.740000
1374 1375 1.180000 4 0.670000
1375 1376 1.180000 4 0.670000
1376 1377 1.180000 4 0.670000
1377 1378 1.180000 4 0.670000
1378 1379 1.330000 3 0.620000
1379 1380 1.160000 3 0.760000
1380 1381 1.180000 4 0.670000
1381 1382 1.180000 4 0.670000
1382 1383 1.220000 6 0.660000
1383 1384 1.390000 8 0.740000
1384 1385 1.390000 8 0.740000
1385 1386 1.320000 3 0.730000
1386 1387 1.360000 8 0.810000
1387 1388 1.260000 6 0.820000
1388 1389 1.360000 8 0.810000
1389 1390 1.320000 4 0.710000
1390 1391 1.390000 8 0.740000
1391 1392 1.360000 8 0.810000
1392 1393 1.260000 6 0.820000
1393 1394 1.260000 6 0.820000
1394 1395 1.260000 6 0.820000
1395 1396 1.260000 6 0.820000
1396 1397 1.260000 6 0.820000
1397 1398 1.260000 6 0.820000
1398 1399 1.220000 6 0.660000
1399 1400 1.220000 6 0.660000
1400 1401 1.260000 6 0.820000
1401 1402 1.260000 6 0.820000
1402 1403 1.150000 2 0.600000
1403 1404 1.360000 8 0.810000
1404 1405 1.150000 2 0.600000
1405 1406 1.260000 6 0.820000
1406 1407 1.260000 6 0.820000
1407 1408 1.260000 7 0.620000
1408 1409 1.230000 4 0.860000
1409 1410 1.260000 6 0.820000
1410 1411 1.260000 6 0.820000
1411 1412 1.230000 4 0.860000
1412 1413 1.260000 6 0.820000
1413 1414 1.260000 6 0.820000
1414 1415 1.260000 6 0.820000
1415 1416 1.260000 6 0.820000
1416 1417 1.260000 6 0.820000
1417 1418 1.260000 6 0.820000
1418 1419 1.210000 7 0.860000
1419 1420 1.360000 8 0.810000
1420 1421 1.260000 6 0.820000
1421 1422 1.360000 8 0.810000
1422 1423 1.360000 8 0.810000
1423 1424 1.260000 6 0.820000
1424 1425 1.260000 6 0.820000
1425 1426 1.260000 6 0.820000
1426 1427 1.360000 8 0.810000
1427 1428 1.120000 3 0.780000
1428 1429 1.120000 3 0.780000
1429 1430 1.260000 6 0.820000
1430 1431 1.120000 3 0.780000
1431 1432 1.120000 3 0.780000
1432 1433 1.390000 8 0.740000
1433 1434 1.360000 8 0.810000
1434 1435 1.260000 6 0.820000
1435 1436 1.260000 6 0.820000
1436 1437 1.360000 8 0.810000
1437 1438 1.120000 3 0.780000
1438 1439 1.120000 3 0.780000
1439 1440 1.140000 8 0.620000
1440 1441 1.390000 4 0.890000
1441 1442 1.390000 4 0.890000
1442 1443 1.120000 3 0.780000
1443 1444 1.190000 6 0.660000
1444 1445 1.260000 6 0.820000
1445 1446 1.190000 6 0.660000
1446 1447 1.200000 8 0.770000
1447 1448 1.390000 4 0.890000
1448 1449 1.250000 3 0.770000
1449 1450 1.250000 3 0.770000
1450 1451 1.250000 3 0.770000
1451 1452 1.130000 6 0.670000
1452 1453 1.390000 4 0.890000
1453 1454 1.190000 6 0.660000
1454 1455 1.390000 4 0.890000
1455 1456 1.390000 4 0.890000
1456 1457 1.190000 6 0.660000
1457 1458 1.360000 8 0.810000
1458 1459 1.200000 5 0.640000
1459 1460 1.200000 5 0.640000
1460 1461 1.360000 8 0.810000
1461 1462 1.100000 4 0.630000
1462 1463 1.190000 6 0.660000
1463 1464 1.390000 4 0.890000
1464 1465 1.230000 4 0.600000
1465 1466 1.100000 5 0.890000
1466 1467 1.150000 2 0.650000
1467 1468 1.360000 8 0.810000
1468 1469 1.190000 6 0.660000
1469 1470 1.260000 6 0.820000
1470 1471 1.350000 8 0.630000
1471 1472 1.390000 8 0.740000
1472 1473 1.150000 2 0.650000
1473 1474 1.390000 4 0.890000
1474 1475 1.370000 7 0.880000
1475 1476 1.280000 5 0.890000
1476 1477 1.270000 5 0.690000
1477 1478 1.390000 8 0.740000
1478 1479 1.320000 6 0.730000
1479 1480 1.210000 2 0.850000
1480 1481 1.390000 3 0.640000
1481 1482 1.390000 8 0.740000
1482 1483 1.100000 3 0.730000
1483 1484 1.270000 2 0.750000
1484 1485 1.210000 5 0.880000
1485 1486 1.320000 4 0.600000
1486 1487 1.380000 5 0.610000
1487 1488 1.190000 4 0.810000
1488 1489 1.230000 4 0.860000
1489 1490 1.370000 5 0.860000
1490 1491 1.260000 6 0.820000
1491 1492 1.260000 6 0.820000
1492 1493 1.260000 6 0.820000
1493 1494 1.260000 6 0.820000
1494 1495 1.260000 6 0.820000
1495 1496 1.150000 2 0.600000
1496 1497 1.260000 6 0.820000
1497 1498 1.260000 6 0.820000
1498 1499 1.390000 8 0.740000
1499 1500 1.270000 5 0.690000
1500 1501 1.230000 4 0.860000
1501 1502 1.390000 8 0.740000
1502 1503 1.260000 6 0.820000
1503 1504 1.390000 8 0.740000
1504 1505 1.350000 8 0.630000
1505 1506 1.320000 6 0.730000
1506 1507 1.360000 8 0.810000
1507 1508 1.390000 4 0.890000
1508 1509 1.390000 3 0.700000
1509 1510 1.180000 7 0.600000
1510 1511 1.390000 8 0.740000
1511 1512 1.190000 6 0.660000
1512 1513 1.150000 2 0.600000
1513 1514 1.260000 6 0.820000
1514 1515 1.360000 2 0.610000
1515 1516 1.390000 4 0.890000
1516 1517 1.330000 4 0.840000
1517 1518 1.340000 8 0.670000
1518 1519 1.240000 7 0.720000
1519 1520 1.190000 6 0.660000
1520 1521 1.260000 6 0.820000
1521 1522 1.260000 6 0.820000
1522 1523 1.260000 6 0.820000
1523 1524 1.260000 6 0.820000
1524 1525 1.360000 8 0.810000
1525 1526 1.390000 8 0.740000
1526 1527 1.280000 7 0.800000
1527 1528 1.260000 6 0.820000
1528 1529 1.390000 8 0.740000
1529 1530 1.230000 4 0.860000
1530 1531 1.260000 6 0.820000
1531 1532 1.390000 8 0.740000
1532 1533 1.260000 6 0.820000
1533 1534 1.260000 6 0.820000
1534 1535 1.260000 6 0.820000
1535 1536 1.260000 6 0.820000
1536 1537 1.150000 2 0.740000
1537 1538 1.360000 8 0.810000
1538 1539 1.260000 6 0.820000
1539 1540 1.390000 8 0.740000
1540 1541 1.380000 3 0.640000
1541 1542 1.220000 6 0.660000
1542 1543 1.320000 4 0.600000
1543 1544 1.350000 8 0.630000
1544 1545 1.390000 8 0.740000
1545 1546 1.270000 5 0.690000
1546 1547 1.360000 8 0.810000
1547 1548 1.300000 3 0.830000
1548 1549 1.390000 8 0.740000
1549 1550 1.190000 6 0.660000
1550 1551 1.150000 2 0.650000
1551 1552 1.150000 2 0.650000
1552 1553 1.190000 6 0.660000
1553 1554 1.260000 6 0.820000
1554 1555 1.390000 8 0.740000
1555 1556 1.390000 8 0.740000
1556 1557 1.360000 8 0.810000
1557 1558 1.390000 4 0.770000
1558 1559 1.210000 5 0.880000
1559 1560 1.370000 6 0.760000
1560 1561 1.270000 2 0.750000
1561 1562 1.220000 6 0.660000
1562 1563 1.220000 6 0.660000
1563 1564 1.230000 7 0.890000
1564 1565 1.230000 4 0.860000
1565 1566 1.320000 2 0.680000
1566 1567 1.390000 8 0.740000
1567 1568 1.390000 8 0.740000
1568 1569 1.390000 8 0.740000
1569 1570 1.260000 6 0.820000
1570 1571 1.390000 8 0.740000
1571 1572 1.360000 8 0.810000
1572 1573 1.360000 8 0.810000
1573 1574 1.390000 8 0.740000
1574 1575 1.390000 8 0.740000
1575 1576 1.360000 8 0.810000
1576 1577 1.360000 8 0.810000
1577 1578 1.390000 8 0.740000
1578 1579 1.360000 8 0.810000
1579 1580 1.360000 8 0.810000
1580 1581 1.390000 8 0.740000
1581 1582 1.390000 8 0.740000
1582 1583 1.270000 5 0.690000
1583 1584 1.360000 8 0.810000
1584 1585 1.260000 6 0.820000
1585 1586 1.270000 5 0.690000
1586 1587 1.370000 3 0.820000
1587 1588 1.390000 8 0.740000
1588 1589 1.370000 7 0.880000
1589 1590 1.220000 6 0.660000
1590 1591 1.390000 4 0.890000
1591 1592 1.150000 2 0.600000
1592 1593 1.260000 7 0.620000
1593 1594 1.220000 6 0.660000
1594 1595 1.280000 8 0.750000
1595 1596 1.360000 8 0.810000
1596 1597 1.210000 6 0.850000
1597 1598 1.360000 8 0.810000
1598 1599 1.360000 8 0.810000
1599 1600 1.150000 2 0.650000
1600 1601 1.350000 8 0.630000
1601 1602 1.390000 8 0.740000
1602 1603 1.390000 8 0.740000
1603 1604 1.390000 8 0.740000
1604 1605 1.260000 6 0.820000
1605 1606 1.260000 6 0.820000
1606 1607 1.380000 2 0.780000
1607 1608 1.360000 8 0.810000
1608 1609 1.260000 6 0.820000
1609 1610 1.190000 6 0.660000
1610 1611 1.350000 8 0.630000
1611 1612 1.360000 8 0.810000
1612 1613 1.260000 6 0.820000
1613 1614 1.260000 6 0.820000
1614 1615 1.390000 8 0.740000
1615 1616 1.260000 6 0.820000
1616 1617 1.260000 6 0.820000
1617 1618 1.150000 2 0.600000
1618 1619 1.120000 7 0.670000
1619 1620 1.280000 3 0.690000
1620 1621 1.260000 6 0.820000
1621 1622 1.260000 6 0.820000
1622 1623 1.260000 6 0.820000
1623 1624 1.390000 8 0.740000
1624 1625 1.360000 8 0.810000
1625 1626 1.260000 6 0.820000
1626 1627 1.390000 8 0.740000
1627 1628 1.390000 8 0.740000
1628 1629 1.390000 8 0.740000
1629 1630 1.260000 6 0.820000
1630 1631 1.220000 6 0.660000
1631 1632 1.270000 5 0.690000
1632 1633 1.390000 4 0.890000
1633 1634 1.270000 5 0.690000
1634 1635 1.260000 6 0.820000
1635 1636 1.320000 3 0.810000
1636 1637 1.390000 4 0.890000
1637 1638 1.390000 4 0.890000
1638 1639 1.260000 6 0.820000
1639 1640 1.260000 6 0.820000
1640 1641 1.350000 8 0.630000
1641 1642 1.390000 8 0.740000
1642 1643 1.280000 3 0.690000
1643 1644 1.310000 5 0.780000
1644 1645 1.200000 8 0.840000
1645 1646 1.360000 8 0.810000
1646 1647 1.190000 6 0.660000
1647 1648 1.150000 2 0.600000
1648 1649 1.140000 5 0.770000
1649 1650 1.340000 2 0.670000
1650 1651 1.100000 7 0.680000
1651 1652 1.150000 2 0.600000
1652 1653 1.130000 3 0.650000
1653 1654 1.260000 6 0.820000
1654 1655 1.260000 6 0.820000
1655 1656 1.260000 6 0.820000
1656 1657 1.390000 8 0.740000
1657 1658 1.390000 8 0.740000
1658 1659 1.390000 8 0.740000
1659 1660 1.390000 8 0.740000
1660 1661 1.390000 8 0.740000
1661 1662 1.260000 6 0.820000
1662 1663 1.260000 6 0.820000
1663 1664 1.260000 6 0.820000
1664 1665 1.390000 8 0.740000
1665 1666 1.320000 4 0.710000
1666 1667 1.360000 8 0.810000
1667 1668 1.270000 5 0.690000
1668 1669 1.360000 8 0.810000
1669 1670 1.190000 6 0.660000
1670 1671 1.100000 2 0.750000
1671 1672 1.260000 6 0.820000
1672 1673 1.390000 8 0.740000
1673 1674 1.160000 5 0.730000
1674 1675 1.150000 7 0.720000
1675 1676 1.260000 6 0.820000
1676 1677 1.130000 3 0.650000
1677 1678 1.110000 8 0.640000
1678 1679 1.330000 3 0.620000
1679 1680 1.140000 5 0.770000
1680 1681 1.340000 5 0.770000
1681 1682 1.170000 8 0.720000
1682 1683 1.390000 8 0.740000
1683 1684 1.390000 8 0.740000
1684 1685 1.390000 8 0.740000
1685 1686 1.260000 6 0.820000
1686 1687 1.380000 2 0.780000
1687 1688 1.390000 8 0.740000
1688 1689 1.390000 8 0.740000
1689 1690 1.390000 8 0.740000
1690 1691 1.390000 8 0.740000
1691 1692 1.390000 8 0.740000
1692 1693 1.390000 8 0.740000
1693 1694 1.260000 6 0.820000
1694 1695 1.150000 2 0.600000
1695 1696 1.260000 6 0.820000
1696 1697 1.320000 6 0.730000
1697 1698 1.280000 6 0.850000
1698 1699 1.260000 6 0.820000
1699 1700 1.390000 8 0.740000
1700 1701 1.220000 5 0.600000
1701 1702 1.140000 7 0.870000
1702 1703 1.260000 7 0.620000
1703 1704 1.390000 8 0.740000
1704 1705 1.250000 5 0.750000
1705 1706 1.150000 2 0.600000
1706 1707 1.150000 2 0.600000
1707 1708 1.340000 4 0.780000
1708 1709 1.220000 6 0.660000
1709 1710 1.260000 6 0.820000
1710 1711 1.190000 6 0.660000
1711 1712 1.340000 3 0.670000
1712 1713 1.150000 2 0.600000
1713 1714 1.260000 6 0.820000
1714 1715 1.260000 6 0.820000
1715 1716 1.160000 5 0.730000
1716 1717 1.260000 6 0.820000
1717 1718 1.230000 4 0.860000
1718 1719 1.260000 6 0.820000
1719 1720 1.390000 8 0.740000
1720 1721 1.260000 6 0.820000
1721 1722 1.390000 8 0.740000
1722 1723 1.390000 8 0.740000
1723 1724 1.230000 4 0.860000
1724 1725 1.390000 8 0.740000
1725 1726 1.260000 6 0.820000
1726 1727 1.260000 6 0.820000
1727 1728 1.390000 8 0.740000
1728 1729 1.390000 8 0.740000
1729 1730 1.150000 2 0.650000
1730 1731 1.150000 2 0.650000
1731 1732 1.260000 6 0.820000
1732 1733 1.260000 6 0.820000
1733 1734 1.390000 8 0.740000
1734 1735 1.260000 6 0.820000
1735 1736 1.190000 6 0.660000
1736 1737 1.240000 7 0.720000
1737 1738 1.260000 6 0.820000
1738 1739 1.390000 8 0.740000
1739 1740 1.360000 8 0.810000
1740 1741 1.120000 3 0.780000
1741 1742 1.350000 6 0.710000
1742 1743 1.130000 6 0.670000
1743 1744 1.290000 5 0.860000
1744 1745 1.190000 6 0.660000
1745 1746 1.190000 6 0.660000
1746 1747 1.140000 3 0.770000
1747 1748 1.140000 7 0.870000
1748 1749 1.290000 7 0.790000
1749 1750 1.200000 4 0.850000
1750 1751 1.300000 3 0.600000
1751 1752 1.390000 4 0.890000
1752 1753 1.390000 8 0.740000
1753 1754 1.140000 7 0.870000
1754 1755 1.190000 6 0.660000
1755 1756 1.190000 6 0.660000
1756 1757 1.390000 4 0.890000
1757 1758 1.100000 5 0.890000
1758 1759 1.260000 6 0.820000
1759 1760 1.390000 8 0.740000
1760 1761 1.120000 2 0.630000
1761 1762 1.260000 6 0.820000
1762 1763 1.390000 4 0.890000
1763 1764 1.390000 4 0.890000
1764 1765 1.390000 8 0.740000
1765 1766 1.260000 6 0.820000
1766 1767 1.190000 6 0.660000
1767 1768 1.130000 3 0.660000
1768 1769 1.210000 2 0.850000
1769 1770 1.370000 7 0.880000
1770 1771 1.260000 2 0.810000
1771 1772 1.190000 6 0.660000
1772 1773 1.140000 7 0.870000
1773 1774 1.130000 3 0.660000
1774 1775 1.140000 5 0.770000
1775 1776 1.130000 6 0.670000
1776 1777 1.260000 6 0.820000
1777 1778 1.270000 2 0.750000
1778 1779 1.220000 2 0.650000
1779 1780 1.120000 2 0.630000
1780 1781 1.200000 4 0.850000
1781 1782 1.270000 2 0.750000
1782 1783 1.270000 2 0.750000
1783 1784 1.150000 2 0.650000
1784 1785 1.150000 2 0.650000
1785 1786 1.300000 3 0.830000
1786 1787 1.390000 8 0.740000
1787 1788 1.150000 2 0.650000
1788 1789 1.190000 6 0.660000
1789 1790 1.260000 6 0.820000
1790 1791 1.260000 6 0.820000
1791 1792 1.260000 6 0.820000
1792 1793 1.260000 6 0.820000
1793 1794 1.190000 6 0.660000
1794 1795 1.190000 6 0.660000
1795 1796 1.260000 6 0.820000
1796 1797 1.110000 6 0.820000
1797 1798 1.260000 6 0.820000
1798 1799 1.260000 6 0.820000
1799 1800 1.260000 6 0.820000
1800 1801 1.260000 6 0.820000
1801 1802 1.260000 6 0.820000
1802 1803 1.260000 6 0.820000
1803 1804 1.260000 6 0.820000
1804 1805 1.360000 8 0.810000
1805 1806 1.390000 8 0.740000
1806 1807 1.360000 8 0.810000
1807 1808 1.390000 8 0.740000
1808 1809 1.390000 8 0.740000
1809 1810 1.230000 4 0.860000
1810 1811 1.390000 8 0.740000
1811 1812 1.260000 6 0.820000
1812 1813 1.390000 8 0.740000
1813 1814 1.260000 6 0.820000
1814 1815 1.260000 6 0.820000
1815 1816 1.260000 6 0.820000
1816 1817 1.260000 6 0.820000
1817 1818 1.160000 5 0.730000
1818 1819 1.200000 6 0.700000
1819 1820 1.230000 4 0.860000
1820 1821 1.390000 4 0.890000
1821 1822 1.230000 4 0.860000
1822 1823 1.260000 6 0.820000
1823 1824 1.360000 8 0.810000
1824 1825 1.360000 8 0.810000
1825 1826 1.200000 6 0.700000
1826 1827 1.340000 2 0.640000
1827 1828 1.320000 3 0.730000
1828 1829 1.390000 3 0.700000
1829 1830 1.200000 6 0.700000
1830 1831 1.260000 6 0.820000
1831 1832 1.260000 6 0.820000
1832 1833 1.260000 6 0.820000
1833 1834 1.390000 8 0.740000
1834 1835 1.360000 8 0.810000
1835 1836 1.230000 4 0.860000
1836 1837 1.260000 6 0.820000
1837 1838 1.360000 8 0.810000
1838 1839 1.260000 6 0.820000
1839 1840 1.260000 6 0.820000
1840 1841 1.360000 8 0.810000
1841 1842 1.300000 3 0.830000
1842 1843 1.330000 4 0.780000
1843 1844 1.260000 6 0.820000
1844 1845 1.360000 8 0.810000
1845 1846 1.350000 8 0.630000
1846 1847 1.260000 6 0.820000
1847 1848 1.320000 4 0.710000
1848 1849 1.330000 5 0.700000
1849 1850 1.210000 7 0.860000
1850 1851 1.210000 7 0.860000
1851 1852 1.260000 6 0.820000
1852 1853 1.260000 6 0.820000
1853 1854 1.350000 8 0.630000
1854 1855 1.280000 2 0.730000
1855 1856 1.350000 8 0.630000
1856 1857 1.220000 8 0.800000
1857 1858 1.130000 4 0.720000
1858 1859 1.300000 3 0.830000
1859 1860 1.390000 8 0.740000
1860 1861 1.300000 3 0.600000
1861 1862 1.360000 8 0.810000
1862 1863 1.280000 2 0.730000
1863 1864 1.150000 6 0.650000
1864 1865 1.150000 2 0.740000
1865 1866 1.360000 6 0.820000
1866 1867 1.220000 6 0.620000
1867 1868 1.350000 8 0.630000
1868 1869 1.350000 8 0.630000
1869 1870 1.390000 8 0.740000
1870 1871 1.340000 4 0.780000
1871 1872 1.390000 8 0.740000
1872 1873 1.120000 3 0.740000
1873 1874 1.260000 6 0.820000
1874 1875 1.260000 6 0.820000
1875 1876 1.390000 8 0.740000
1876 1877 1.390000 8 0.740000
1877 1878 1.260000 6 0.820000
1878 1879 1.190000 6 0.660000
1879 1880 1.260000 6 0.820000
1880 1881 1.260000 6 0.820000
1881 1882 1.260000 6 0.820000
1882 1883 1.390000 4 0.890000
1883 1884 1.390000 8 0.740000
1884 1885 1.220000 6 0.660000
1885 1886 1.390000 8 0.740000
1886 1887 1.390000 8 0.740000
1887 1888 1.320000 4 0.710000
1888 1889 1.100000 5 0.650000
1889 1890 1.320000 4 0.710000
1890 1891 1.320000 4 0.710000
1891 1892 1.200000 3 0.820000
1892 1893 1.170000 7 0.680000
1893 1894 1.390000 8 0.740000
1894 1895 1.150000 2 0.650000
1895 1896 1.260000 6 0.820000
1896 1897 1.390000 8 0.740000
1897 1898 1.360000 8 0.810000
1898 1899 1.360000 8 0.810000
1899 1900 1.190000 6 0.660000
1900 1901 1.260000 6 0.820000
1901 1902 1.280000 3 0.650000
1902 1903 1.230000 4 0.860000
1903 1904 1.260000 6 0.820000
1904 1905 1.360000 8 0.810000
1905 1906 1.260000 6 0.820000
1906 1907 1.260000 6 0.820000
1907 1908 1.390000 8 0.740000
1908 1909 1.350000 8 0.630000
1909 1910 1.320000 6 0.810000
1910 1911 1.260000 6 0.820000
1911 1912 1.360000 8 0.810000
1912 1913 1.190000 6 0.660000
1913 1914 1.260000 6 0.820000
1914 1915 1.200000 3 0.820000
1915 1916 1.260000 6 0.820000
1916 1917 1.360000 8 0.810000
1917 1918 1.260000 6 0.820000
1918 1919 1.150000 2 0.650000
1919 1920 1.190000 6 0.660000
1920 1921 1.260000 6 0.820000
1921 1922 1.260000 6 0.820000
1922 1923 1.190000 6 0.660000
1923 1924 1.260000 6 0.820000
1924 1925 1.230000 4 0.860000
1925 1926 1.200000 3 0.820000
1926 1927 1.360000 8 0.810000
1927 1928 1.360000 8 0.810000
1928 1929 1.200000 3 0.820000
1929 1930 1.280000 3 0.650000
1930 1931 1.260000 6 0.820000
1931 1932 1.260000 6 0.820000
1932 1933 1.260000 6 0.820000
1933 1934 1.390000 8 0.740000
1934 1935 1.220000 6 0.660000
1935 1936 1.390000 8 0.740000
1936 1937 1.360000 8 0.810000
1937 1938 1.390000 8 0.740000
1938 1939 1.260000 6 0.820000
1939 1940 1.260000 6 0.820000
1940 1941 1.260000 6 0.820000
1941 1942 1.390000 8 0.740000
1942 1943 1.350000 8 0.630000
1943 1944 1.330000 3 0.620000
1944 1945 1.350000 8 0.630000
1945 1946 1.200000 3 0.820000
1946 1947 1.350000 8 0.630000
1947 1948 1.220000 6 0.660000
1948 1949 1.140000 4 0.650000
1949 1950 1.210000 2 0.850000
1950 1951 1.190000 6 0.660000
1951 1952 1.150000 2 0.600000
1952 1953 1.390000 4 0.890000
1953 1954 1.360000 8 0.810000
1954 1955 1.390000 8 0.740000
1955 1956 1.260000 6 0.820000
1956 1957 1.390000 8 0.740000
1957 1958 1.220000 6 0.660000
1958 1959 1.220000 6 0.660000
1959 1960 1.360000 8 0.810000
1960 1961 1.260000 6 0.820000
1961 1962 1.260000 6 0.820000
1962 1963 1.360000 8 0.810000
1963 1964 1.200000 3 0.820000
1964 1965 1.200000 7 0.820000
1965 1966 1.150000 2 0.600000
1966 1967 1.150000 2 0.600000
1967 1968 1.260000 6 0.820000
1968 1969 1.230000 4 0.860000
1969 1970 1.230000 4 0.860000
1970 1971 1.260000 6 0.820000
1971 1972 1.190000 6 0.660000
1972 1973 1.190000 6 0.660000
1973 1974 1.190000 6 0.660000
1974 1975 1.150000 2 0.600000
1975 1976 1.150000 2 0.600000
1976 1977 1.150000 2 0.600000
1977 1978 1.330000 3 0.620000
1978 1979 1.150000 2 0.600000
1979 1980 1.150000 2 0.740000
1980 1981 1.360000 8 0.810000
1981 1982 1.120000 3 0.840000
1982 1983 1.350000 8 0.630000
1983 1984 1.290000 2 0.690000
